#L k               Pd_01_0001      Pd_01_0002      Pd_01_0003      Pd_01_0004      Pd_01_0005
   0.000000        -2.350945e+00   -1.623171e+00   -2.386300e+00   -2.805411e+00   -2.227445e+00
   0.100000        -3.419191e+00   -2.592620e+00   -3.271080e+00   -3.655891e+00   -3.207686e+00
   0.200000        -4.263301e+00   -3.418471e+00   -3.903217e+00   -4.186412e+00   -3.976665e+00
   0.300000        -4.675949e+00   -3.903827e+00   -4.104614e+00   -4.213351e+00   -4.346435e+00
   0.400000        -4.449809e+00   -3.851790e+00   -3.697168e+00   -3.557203e+00   -4.129048e+00
   0.500000        -3.406887e+00   -3.078910e+00   -2.625235e+00   -2.341219e+00   -3.161943e+00
   0.600000        -1.936483e+00   -1.841181e+00   -1.418846e+00   -1.193052e+00   -1.804223e+00
   0.700000        -9.340378e-01   -9.186456e-01   -7.542549e-01   -7.031654e-01   -8.951038e-01
   0.800000        -7.249804e-01   -6.889089e-01   -6.622554e-01   -6.627894e-01   -7.116292e-01
   0.900000        -6.578234e-01   -6.465585e-01   -5.979387e-01   -5.820624e-01   -6.478977e-01
   1.000000        -5.328512e-01   -5.335902e-01   -4.999862e-01   -4.891807e-01   -5.267887e-01
   1.100000        -4.673351e-01   -4.628396e-01   -4.459960e-01   -4.334130e-01   -4.567361e-01
   1.200000        -3.994094e-01   -3.967141e-01   -3.868903e-01   -3.732514e-01   -3.973143e-01
   1.300000        -3.209737e-01   -3.275093e-01   -3.116679e-01   -2.962770e-01   -3.234312e-01
   1.400000        -2.478682e-01   -2.499098e-01   -2.376326e-01   -2.301925e-01   -2.481769e-01
   1.500000        -1.586316e-01   -1.556465e-01   -1.547070e-01   -1.455008e-01   -1.618347e-01
   1.600000        -7.052821e-02   -7.161678e-02   -6.567337e-02   -5.225147e-02   -6.760701e-02
   1.700000        +2.703714e-02   +1.921221e-02   +2.602561e-02   +3.029052e-02   +1.528603e-02
   1.800000        +8.111110e-02   +8.141714e-02   +8.757075e-02   +9.408523e-02   +8.866081e-02
   1.900000        +1.270650e-01   +1.240091e-01   +1.313099e-01   +1.283910e-01   +1.241687e-01
   2.000000        +1.350244e-01   +1.285356e-01   +1.363255e-01   +1.322419e-01   +1.304652e-01
   2.100000        +1.226504e-01   +1.222481e-01   +1.262455e-01   +1.218054e-01   +1.266879e-01
   2.200000        +1.139683e-01   +1.167389e-01   +1.140380e-01   +1.157947e-01   +1.173012e-01
   2.300000        +1.096210e-01   +1.044472e-01   +1.085360e-01   +1.062642e-01   +1.117825e-01
   2.400000        +1.000379e-01   +1.016784e-01   +1.007260e-01   +1.040317e-01   +1.029245e-01
   2.500000        +9.068662e-02   +9.360601e-02   +9.183043e-02   +9.030831e-02   +9.808434e-02
   2.600000        +7.608640e-02   +7.337827e-02   +7.602043e-02   +7.677749e-02   +7.645203e-02
   2.700000        +5.508388e-02   +5.608330e-02   +5.002311e-02   +5.106602e-02   +5.322603e-02
   2.800000        +3.004674e-02   +2.560828e-02   +3.047606e-02   +3.024608e-02   +3.225187e-02
   2.900000        +1.644208e-03   +7.972431e-04   -2.126662e-03   +4.682773e-03   +3.756083e-04
   3.000000        -3.179317e-02   -3.050151e-02   -3.137096e-02   -3.035443e-02   -2.976866e-02
   3.100000        -5.122636e-02   -4.761495e-02   -5.681664e-02   -5.703066e-02   -5.291711e-02
   3.200000        -6.257686e-02   -6.794626e-02   -7.152552e-02   -6.841063e-02   -6.540660e-02
   3.300000        -7.274469e-02   -7.616198e-02   -7.547208e-02   -7.951479e-02   -7.756299e-02
   3.400000        -8.096282e-02   -7.923367e-02   -7.869238e-02   -7.348084e-02   -7.604418e-02
   3.500000        -7.708580e-02   -7.763071e-02   -7.739205e-02   -7.374990e-02   -7.391281e-02
   3.600000        -6.518294e-02   -6.729487e-02   -7.283252e-02   -7.008973e-02   -7.115368e-02
   3.700000        -6.536804e-02   -5.946129e-02   -6.367934e-02   -5.572045e-02   -5.543663e-02
   3.800000        -4.468565e-02   -4.268571e-02   -4.898601e-02   -3.901335e-02   -4.461700e-02
   3.900000        -2.281300e-02   -2.611588e-02   -2.710714e-02   -2.751437e-02   -2.795412e-02
   4.000000        -6.361273e-03   -2.577846e-03   -3.572211e-03   -9.639479e-03   -6.078813e-03
   4.100000        +1.421805e-02   +1.718875e-02   +9.975955e-03   +1.045133e-02   +1.302594e-02
   4.200000        +3.117002e-02   +2.853032e-02   +3.068493e-02   +3.157408e-02   +2.459223e-02
   4.300000        +4.469656e-02   +4.269050e-02   +4.221727e-02   +4.664196e-02   +4.579338e-02
   4.400000        +6.081236e-02   +5.558872e-02   +5.631269e-02   +5.148682e-02   +4.943909e-02
   4.500000        +4.265225e-02   +5.045291e-02   +5.083018e-02   +4.835889e-02   +4.517765e-02
   4.600000        +3.449393e-02   +3.041044e-02   +3.327415e-02   +3.333645e-02   +3.180094e-02
   4.700000        +2.250003e-02   +2.589901e-02   +2.362990e-02   +1.933924e-02   +2.420467e-02
   4.800000        +1.908436e-02   +2.030140e-02   +1.948393e-02   +1.971213e-02   +1.396484e-02
   4.900000        +1.772034e-02   +2.075172e-02   +1.648955e-02   +2.271065e-02   +2.230358e-02
   5.000000        +1.054347e-02   +1.159722e-02   +1.295300e-02   +1.881033e-02   +1.963068e-02
   5.100000        +1.280422e-02   +1.220795e-02   +1.055309e-02   +1.150227e-02   +8.671993e-03
   5.200000        +5.445068e-03   +1.477450e-03   -2.985351e-03   -2.269183e-03   -2.820110e-03
   5.300000        -1.371583e-02   -1.550085e-02   -8.881148e-03   -1.691603e-02   -6.557081e-03
   5.400000        -1.842189e-02   -1.899230e-02   -1.735277e-02   -1.640487e-02   -1.967478e-02
   5.500000        -2.202015e-02   -2.480933e-02   -1.952079e-02   -1.947444e-02   -1.959279e-02
   5.600000        -2.780046e-02   -2.628339e-02   -2.371555e-02   -2.519940e-02   -2.074337e-02
   5.700000        -3.035832e-02   -3.130938e-02   -3.165201e-02   -2.530833e-02   -2.500823e-02
   5.800000        -3.101210e-02   -2.482207e-02   -2.739956e-02   -2.595900e-02   -2.851715e-02
   5.900000        -1.993047e-02   -1.260317e-02   -1.458471e-02   -1.415481e-02   -2.053240e-02
   6.000000        -6.504129e-03   -1.078911e-02   -9.603456e-03   -9.235963e-03   -5.385633e-03
   6.100000        +2.088800e-03   +4.590596e-05   +5.334164e-04   +5.586913e-03   -6.633917e-03
   6.200000        +7.214856e-03   +9.026538e-03   +1.177123e-02   +7.813150e-03   +8.970496e-03
   6.300000        +1.161260e-02   +8.815973e-03   +1.068881e-02   +1.101006e-02   +1.239362e-02
   6.400000        +7.678572e-03   +1.338461e-02   +9.041782e-03   +9.212853e-03   +1.304205e-02
   6.500000        +1.176052e-02   +1.294630e-02   +1.054421e-02   +1.025488e-02   +9.882258e-03
   6.600000        +1.023086e-02   +9.193813e-03   +4.919521e-03   +1.573618e-02   +7.172268e-03
   6.700000        +1.002254e-02   +9.573896e-03   +6.588309e-03   +7.774685e-03   +3.691869e-03
   6.800000        +4.408526e-03   +6.381208e-03   +7.623183e-03   +5.902137e-03   +1.057752e-02
   6.900000        +3.328094e-03   +1.035970e-02   +1.612977e-03   +6.570352e-03   +8.009224e-03
   7.000000        +7.703512e-03   +4.082449e-03   +1.140195e-03   +4.022217e-03   +4.333068e-03
   7.100000        +6.762456e-03   +5.684032e-03   +4.479606e-03   +5.027123e-03   +8.303869e-03
   7.200000        +9.478672e-03   +4.615102e-03   +4.494021e-03   +9.586473e-03   +6.874116e-03
   7.300000        +6.672729e-04   +6.626368e-03   +5.704960e-03   +8.417012e-03   +9.960759e-03
   7.400000        +6.760662e-04   +2.567729e-03   +3.612623e-03   +9.134245e-04   +1.206826e-03
   7.500000        -5.287467e-03   -7.391819e-03   -8.323466e-03   -1.095011e-02   -5.139621e-03
   7.600000        -1.713815e-02   -1.596018e-02   -1.625135e-02   -2.140541e-02   -1.799608e-02
   7.700000        -2.248070e-02   -1.684859e-02   -2.058094e-02   -1.746968e-02   -1.844774e-02
   7.800000        -1.885627e-02   -1.842598e-02   -2.311744e-02   -2.293602e-02   -2.524569e-02
   7.900000        -1.370214e-02   -1.386396e-02   -1.294839e-02   -1.112663e-02   -1.421559e-02
   8.000000        -3.356071e-03   -5.127200e-03   -4.429580e-03   -6.313710e-03   -7.930833e-03
   8.100000        +2.070939e-03   +5.312406e-03   +2.997706e-03   +9.634783e-03   +5.729238e-03
   8.200000        +1.634656e-02   +1.088754e-02   +8.678927e-03   +1.892387e-02   +1.422690e-02
   8.300000        +9.642878e-03   +1.396589e-02   +1.234535e-02   +9.845881e-03   +9.846052e-03
   8.400000        +1.461742e-02   +1.284635e-02   +1.279178e-02   +1.447228e-02   +1.297458e-02
   8.500000        +8.133710e-03   +4.628173e-03   +1.230779e-02   +7.380601e-03   +6.603748e-03
   8.600000        +6.370643e-03   +1.381446e-03   +5.407250e-05   -2.015281e-03   +1.656988e-03
   8.700000        -2.128784e-03   +2.745653e-03   -2.175908e-03   +2.665118e-03   -3.209601e-03
   8.800000        -5.478645e-03   -5.558170e-03   -1.431711e-03   -2.065299e-03   -3.634054e-03
   8.900000        -2.082401e-03   -9.079046e-03   -9.054625e-04   -4.460039e-03   -7.025387e-03
   9.000000        -2.350118e-03   +8.892895e-04   -3.521110e-03   -2.607685e-03   -4.225289e-03
   9.100000        +7.173695e-04   -3.808451e-03   +3.874228e-03   +4.035349e-03   +1.401833e-03
   9.200000        -7.203368e-04   +6.395719e-03   +2.113072e-03   +1.598317e-03   -5.488429e-04
   9.300000        +1.442461e-03   +2.360850e-03   +6.930756e-03   -6.869968e-04   +2.381081e-03
   9.400000        +3.920408e-03   -2.755026e-04   -2.918499e-03   +3.966503e-03   +4.470943e-03
   9.500000        +4.841109e-03   -1.331790e-03   +2.330263e-03   +5.809266e-03   +2.626482e-03
   9.600000        -6.252164e-04   -1.700734e-03   -5.028639e-03   +8.401480e-04   +1.607030e-03
   9.700000        -6.605010e-03   -3.805627e-03   -3.083301e-03   -8.161761e-03   -6.400887e-03
   9.800000        -3.569538e-03   -3.291802e-03   -7.823445e-03   -6.997599e-03   -7.608509e-03
   9.900000        -7.219590e-03   -9.417698e-03   -1.103068e-02   -1.148986e-02   -8.321779e-03
   10.000000       -7.199742e-03   -9.255341e-03   -3.239612e-03   -8.115069e-03   -7.937679e-03
   10.100000       -4.590043e-03   +5.077370e-04   +7.998243e-04   -4.349619e-03   -2.177268e-03
   10.200000       +5.235462e-03   +5.287411e-03   +3.848133e-03   +5.480211e-03   +1.978205e-03
   10.300000       -7.978662e-05   +3.295870e-03   +2.789294e-03   +6.169959e-03   +8.284985e-03
   10.400000       +6.770240e-03   +7.248357e-03   +3.040935e-03   +3.104174e-03   +1.098454e-02
   10.500000       +2.427705e-03   +5.963906e-03   +3.088044e-03   +1.149931e-02   +5.226499e-03
   10.600000       +6.561401e-03   +6.290629e-03   +2.493294e-03   +4.730898e-03   +1.209873e-03
   10.700000       +3.681913e-03   +6.805225e-03   +3.511683e-03   +2.942710e-03   +7.639630e-03
   10.800000       +6.972621e-03   -5.058481e-03   +2.205587e-03   +2.240853e-03   +5.734934e-03
   10.900000       +4.901131e-04   -2.464739e-04   -9.316052e-04   -9.961580e-04   +2.407462e-03
   11.000000       -1.858169e-05   -3.657220e-03   -2.989368e-03   -3.303893e-03   -1.425905e-03
   11.100000       +8.193163e-04   -6.606831e-04   -4.190451e-03   -5.228888e-03   -5.233522e-03
   11.200000       +3.275276e-03   +3.715481e-03   -1.793693e-03   -3.801223e-03   -2.353615e-03
   11.300000       -2.377370e-04   -1.775836e-03   +5.543447e-03   -5.826897e-03   -1.648930e-03
   11.400000       -3.227052e-03   -1.429974e-03   -3.015034e-03   -6.351211e-04   -2.480340e-03
   11.500000       -3.284552e-03   -1.916635e-03   +7.715489e-04   -5.919099e-03   +1.034172e-03
   11.600000       -2.818105e-03   +8.731987e-05   +3.194002e-04   +1.291622e-03   -2.095448e-03
   11.700000       +2.782921e-03   +1.990422e-03   +2.066080e-03   -2.047685e-03   -1.843805e-03
   11.800000       -4.671171e-04   +5.368283e-03   -1.189215e-03   -1.638231e-03   -1.734676e-03
   11.900000       +1.234859e-03   -4.421470e-03   -2.990526e-04   -5.933077e-03   -2.359998e-03
   12.000000       -2.455821e-03   +8.377160e-04   -6.468967e-03   -4.745081e-04   +2.797212e-03
   12.100000       -4.418139e-03   -1.730214e-03   -2.818511e-03   +8.231829e-04   -3.073836e-03
   12.200000       -1.869385e-03   +3.821998e-03   +2.346486e-03   -9.396729e-04   +9.756321e-04
   12.300000       -2.439032e-03   -4.238659e-03   +5.441401e-03   -1.443051e-03   -2.164991e-03
   12.400000       +1.729271e-04   -3.450425e-03   -3.035834e-03   +1.747079e-03   -3.018184e-03
   12.500000       +3.492874e-04   -3.597524e-03   +8.099725e-04   +1.149815e-03   -1.818655e-03
   12.600000       -4.611085e-03   -1.514147e-03   +2.167759e-03   -1.698099e-03   +3.661353e-04
   12.700000       -2.432228e-04   -8.986407e-04   -1.105946e-03   +3.330004e-03   +6.833954e-04
   12.800000       +1.450863e-03   +1.657518e-04   +7.099722e-03   +6.063292e-03   +3.829252e-03
   12.900000       +7.636055e-04   +1.425313e-03   +2.768968e-04   -2.951044e-03   +9.196254e-04
   13.000000       +4.813035e-04   -1.770186e-03   -6.520379e-04   -3.519579e-03   -6.141946e-04
   13.100000       +1.971795e-03   -8.375445e-04   -3.432361e-03   +3.386181e-03   -2.185216e-03
   13.200000       -3.306618e-03   -1.428622e-04   -1.137293e-03   -1.786518e-03   +5.345147e-03
   13.300000       -6.681099e-03   -1.810825e-04   +3.668273e-03   -4.200433e-03   -7.124031e-04
   13.400000       +2.683481e-03   -6.145413e-03   -9.273440e-04   -1.394578e-03   +2.610813e-03
   13.500000       -5.659792e-03   -2.993572e-03   +1.159430e-03   -5.608515e-03   -5.351025e-03
   13.600000       -9.156179e-04   +2.723115e-03   -3.567653e-03   +1.533719e-03   -3.349995e-03
   13.700000       +2.737097e-03   -1.305889e-03   -2.248994e-03   -3.373612e-03   -4.938961e-03
   13.800000       +1.018737e-03   -1.025208e-03   +2.985835e-03   +2.117208e-03   -5.680418e-03
   13.900000       -4.245287e-03   -8.249199e-04   +4.977783e-03   +1.708154e-03   -3.237987e-03
   14.000000       +2.860236e-03   +1.468620e-03   +1.429082e-03   -1.146614e-04   -7.665455e-04
   14.100000       +3.572676e-03   +7.143748e-03   -4.086994e-04   +3.604261e-03   +5.802864e-03
   14.200000       +2.932279e-03   +2.067725e-03   -5.130701e-04   +9.654942e-04   +4.613982e-03
   14.300000       -3.810458e-05   +6.560488e-03   +1.874900e-04   +1.240290e-03   +5.389217e-03
   14.400000       +8.395843e-04   +6.006263e-03   +2.699892e-03   -8.357826e-04   +7.840091e-03
   14.500000       +1.480065e-03   -1.388606e-03   -5.223286e-03   -1.833091e-03   +4.381557e-03
   14.600000       -4.579860e-03   -5.079760e-04   +2.097310e-03   -3.477137e-03   -5.021500e-04
   14.700000       -2.918784e-03   -3.216365e-03   +2.523305e-03   -6.074095e-03   +7.934361e-04
   14.800000       +4.315105e-04   +2.419355e-03   -1.120068e-03   +2.158809e-03   -5.220827e-03
   14.900000       -2.676172e-03   -3.702551e-03   +1.949152e-03   -4.979782e-03   +3.664513e-04
   15.000000       +2.126565e-03   -3.172326e-03   -4.826633e-03   -1.458228e-03   -3.476620e-03
   15.100000       +4.593032e-05   +1.432187e-03   +1.838139e-03   +2.291452e-03   +4.920080e-03
   15.200000       -3.095467e-03   +2.030675e-03   -6.840574e-04   +6.765285e-03   -1.430073e-03
   15.300000       +3.036367e-03   +2.084768e-03   +3.489212e-03   -2.724386e-03   +3.915082e-03
   15.400000       +3.424049e-03   -3.430790e-03   -1.052896e-03   +2.464539e-03   -7.709585e-04
   15.500000       +9.073573e-04   -3.730599e-03   +3.025049e-03   +1.280405e-03   -6.446701e-03
   15.600000       +1.686963e-03   +3.783484e-03   +6.779702e-05   +1.256889e-03   +1.598394e-03
   15.700000       -5.714580e-04   -2.301867e-04   -5.665221e-03   -3.300015e-03   +2.024158e-03
   15.800000       -6.766334e-03   -1.279934e-03   -3.852262e-03   +7.787201e-04   +2.371170e-03
   15.900000       +1.703131e-03   -2.500272e-03   +1.390972e-03   -1.431660e-03   -2.083253e-03
   16.000000       +3.752758e-03   -1.108709e-03   -1.504247e-03   +3.021715e-03   -5.265123e-04
   16.100000       +3.014215e-03   +3.611903e-04   -1.962414e-03   +1.371274e-03   +1.639829e-03
   16.200000       +4.954769e-03   -1.424792e-03   -1.352280e-04   -1.843463e-03   +2.633935e-03
   16.300000       -3.161538e-03   +9.319498e-04   -1.552969e-03   +1.482120e-03   -5.245751e-03
   16.400000       -5.566055e-04   -5.120073e-03   -6.048187e-03   -1.455483e-03   -3.469924e-03
   16.500000       -2.657644e-03   -1.032598e-03   +9.290403e-05   -4.906947e-03   -3.705292e-03
   16.600000       -6.158479e-03   -5.188020e-04   -3.947983e-03   -1.484392e-03   -2.308763e-03
   16.700000       -5.146164e-03   -3.832794e-03   +3.566819e-04   -6.016773e-03   +8.447309e-04
   16.800000       -3.986458e-03   -1.700571e-03   +2.870150e-03   -1.491488e-03   -1.676362e-03
   16.900000       -3.391528e-03   +4.257230e-04   -8.290940e-04   +7.921281e-04   -2.011519e-03
