#S 1
#D #D Sat Nov 2 15:19:39 2024
#U blowerT 25.0
#V signal fl
#V reference tr
#V E0 24353.64211995039
#V refE0 24350.0
#V blowerT 25.0
#V J0 165660774881.8581
#L E               x
   2.420037e+04    -9.998472e-01
   2.420126e+04    -1.000065e+00
   2.420224e+04    -9.998234e-01
   2.420316e+04    -9.991878e-01
   2.420407e+04    -9.991213e-01
   2.420504e+04    -9.997958e-01
   2.420606e+04    -9.996315e-01
   2.420691e+04    -9.995116e-01
   2.420787e+04    -9.995525e-01
   2.420878e+04    -9.998097e-01
   2.420970e+04    -1.000430e+00
   2.421067e+04    -9.994148e-01
   2.421155e+04    -9.997367e-01
   2.421248e+04    -9.999946e-01
   2.421340e+04    -9.996714e-01
   2.421428e+04    -1.000401e+00
   2.421525e+04    -9.992078e-01
   2.421610e+04    -1.000814e+00
   2.421709e+04    -9.998312e-01
   2.421797e+04    -9.995388e-01
   2.421894e+04    -1.000044e+00
   2.421989e+04    -1.000792e+00
   2.422077e+04    -1.000041e+00
   2.422170e+04    -1.000186e+00
   2.422262e+04    -9.999108e-01
   2.422358e+04    -1.000076e+00
   2.422447e+04    -1.000432e+00
   2.422540e+04    -1.000542e+00
   2.422632e+04    -9.999802e-01
   2.422724e+04    -1.000597e+00
   2.422822e+04    -1.000126e+00
   2.422915e+04    -1.000186e+00
   2.422997e+04    -1.000162e+00
   2.423095e+04    -1.000224e+00
   2.423191e+04    -9.996234e-01
   2.423282e+04    -9.987937e-01
   2.423372e+04    -1.000166e+00
   2.423461e+04    -1.000274e+00
   2.423561e+04    -1.000635e+00
   2.423655e+04    -9.995768e-01
   2.423748e+04    -9.994574e-01
   2.423846e+04    -1.000206e+00
   2.423930e+04    -1.001145e+00
   2.424023e+04    -1.000605e+00
   2.424120e+04    -1.000184e+00
   2.424210e+04    -1.001468e+00
   2.424309e+04    -1.000903e+00
   2.424396e+04    -9.999159e-01
   2.424492e+04    -9.993310e-01
   2.424580e+04    -1.000814e+00
   2.424675e+04    -9.999390e-01
   2.424761e+04    -1.000477e+00
   2.424858e+04    -1.000572e+00
   2.424954e+04    -1.000821e+00
   2.425046e+04    -9.996062e-01
   2.425139e+04    -9.998423e-01
   2.425231e+04    -1.000598e+00
   2.425323e+04    -1.001296e+00
   2.425416e+04    -9.999492e-01
   2.425508e+04    -1.001185e+00
   2.425605e+04    -9.999741e-01
   2.425693e+04    -1.000048e+00
   2.425791e+04    -9.993021e-01
   2.425885e+04    -1.000905e+00
   2.425984e+04    -1.000222e+00
   2.426073e+04    -9.989742e-01
   2.426170e+04    -9.999054e-01
   2.426264e+04    -9.999504e-01
   2.426348e+04    -9.998344e-01
   2.426443e+04    -9.994762e-01
   2.426542e+04    -9.999395e-01
   2.426628e+04    -9.999489e-01
   2.426722e+04    -9.993164e-01
   2.426822e+04    -9.988326e-01
   2.426918e+04    -9.995051e-01
   2.427011e+04    -9.998062e-01
   2.427101e+04    -9.994493e-01
   2.427198e+04    -9.985569e-01
   2.427288e+04    -9.999849e-01
   2.427386e+04    -9.980034e-01
   2.427477e+04    -9.983603e-01
   2.427569e+04    -9.985705e-01
   2.427661e+04    -9.991847e-01
   2.427751e+04    -9.974368e-01
   2.427849e+04    -9.989913e-01
   2.427942e+04    -9.983104e-01
   2.428033e+04    -9.973067e-01
   2.428130e+04    -9.981609e-01
   2.428227e+04    -9.968901e-01
   2.428324e+04    -9.974721e-01
   2.428411e+04    -9.965887e-01
   2.428511e+04    -9.973391e-01
   2.428603e+04    -9.984706e-01
   2.428697e+04    -9.978155e-01
   2.428793e+04    -9.982271e-01
   2.428891e+04    -9.971350e-01
   2.428980e+04    -9.969428e-01
   2.429075e+04    -9.959062e-01
   2.429174e+04    -9.973016e-01
   2.429271e+04    -9.972217e-01
   2.429359e+04    -9.960318e-01
   2.429463e+04    -9.964224e-01
   2.429553e+04    -9.961348e-01
   2.429649e+04    -9.961350e-01
   2.429738e+04    -9.959565e-01
   2.429837e+04    -9.952134e-01
   2.429931e+04    -9.947663e-01
   2.430022e+04    -9.952193e-01
   2.430123e+04    -9.935837e-01
   2.430216e+04    -9.932411e-01
   2.430309e+04    -9.937090e-01
   2.430402e+04    -9.930058e-01
   2.430494e+04    -9.927456e-01
   2.430591e+04    -9.929885e-01
   2.430687e+04    -9.926555e-01
   2.430779e+04    -9.921452e-01
   2.430884e+04    -9.908222e-01
   2.430966e+04    -9.924283e-01
   2.431066e+04    -9.911390e-01
   2.431159e+04    -9.897623e-01
   2.431257e+04    -9.889122e-01
   2.431347e+04    -9.901367e-01
   2.431441e+04    -9.883341e-01
   2.431532e+04    -9.884566e-01
   2.431627e+04    -9.880165e-01
   2.431719e+04    -9.869180e-01
   2.431816e+04    -9.858128e-01
   2.431912e+04    -9.855495e-01
   2.432007e+04    -9.864239e-01
   2.432099e+04    -9.840331e-01
   2.432189e+04    -9.822096e-01
   2.432293e+04    -9.834012e-01
   2.432382e+04    -9.820979e-01
   2.432483e+04    -9.792103e-01
   2.432584e+04    -9.780369e-01
   2.432671e+04    -9.782601e-01
   2.432771e+04    -9.758498e-01
   2.432862e+04    -9.754422e-01
   2.432960e+04    -9.736582e-01
   2.433046e+04    -9.728479e-01
   2.433145e+04    -9.699870e-01
   2.433240e+04    -9.674291e-01
   2.433333e+04    -9.653801e-01
   2.433428e+04    -9.638155e-01
   2.433520e+04    -9.607861e-01
   2.433621e+04    -9.604201e-01
   2.433712e+04    -9.559138e-01
   2.433805e+04    -9.537429e-01
   2.433906e+04    -9.498586e-01
   2.433996e+04    -9.445442e-01
   2.434093e+04    -9.392415e-01
   2.434184e+04    -9.335568e-01
   2.434280e+04    -9.282359e-01
   2.434376e+04    -9.206639e-01
   2.434470e+04    -9.088272e-01
   2.434563e+04    -8.976467e-01
   2.434659e+04    -8.832872e-01
   2.434759e+04    -8.662987e-01
   2.434854e+04    -8.409472e-01
   2.434943e+04    -8.171455e-01
   2.435040e+04    -7.840553e-01
   2.435139e+04    -7.475280e-01
   2.435229e+04    -6.961999e-01
   2.435330e+04    -6.422046e-01
   2.435427e+04    -5.888383e-01
   2.435525e+04    -5.352086e-01
   2.435623e+04    -4.852905e-01
   2.435714e+04    -4.422578e-01
   2.435817e+04    -3.993343e-01
   2.435918e+04    -3.517518e-01
   2.436007e+04    -2.914459e-01
   2.436102e+04    -2.307034e-01
   2.436205e+04    -1.584650e-01
   2.436297e+04    -9.516586e-02
   2.436390e+04    -2.248336e-02
   2.436484e+04    +3.663816e-02
   2.436579e+04    +7.774267e-02
   2.436674e+04    +1.159623e-01
   2.436774e+04    +1.311459e-01
   2.436866e+04    +1.327367e-01
   2.436966e+04    +1.280926e-01
   2.437058e+04    +1.199299e-01
   2.437150e+04    +1.123486e-01
   2.437250e+04    +1.055013e-01
   2.437346e+04    +1.015419e-01
   2.437437e+04    +1.026624e-01
   2.437532e+04    +9.526640e-02
   2.437622e+04    +9.208662e-02
   2.437718e+04    +8.533509e-02
   2.437819e+04    +8.488076e-02
   2.437915e+04    +7.325037e-02
   2.438011e+04    +5.892932e-02
   2.438102e+04    +4.821903e-02
   2.438196e+04    +3.926381e-02
   2.438294e+04    +3.619733e-02
   2.438388e+04    +1.691146e-02
   2.438482e+04    +8.197786e-03
   2.438580e+04    -9.413213e-03
   2.438680e+04    -1.632044e-02
   2.438768e+04    -3.454897e-02
   2.438871e+04    -3.908034e-02
   2.438969e+04    -5.758865e-02
   2.439072e+04    -6.082323e-02
   2.439165e+04    -6.325270e-02
   2.439262e+04    -7.520851e-02
   2.439361e+04    -7.086267e-02
   2.439459e+04    -7.585928e-02
   2.439558e+04    -7.973560e-02
   2.439650e+04    -8.147812e-02
   2.439747e+04    -8.097173e-02
   2.439849e+04    -7.960975e-02
   2.439950e+04    -7.713081e-02
   2.440048e+04    -7.774200e-02
   2.440143e+04    -6.606980e-02
   2.440237e+04    -7.024022e-02
   2.440329e+04    -7.223045e-02
   2.440431e+04    -6.322165e-02
   2.440520e+04    -6.681083e-02
   2.440624e+04    -5.867538e-02
   2.440719e+04    -5.436504e-02
   2.440818e+04    -5.054680e-02
   2.440908e+04    -4.420969e-02
   2.441006e+04    -3.699671e-02
   2.441102e+04    -2.857530e-02
   2.441193e+04    -2.159446e-02
   2.441290e+04    -1.266114e-02
   2.441397e+04    -1.068826e-02
   2.441485e+04    +3.161032e-03
   2.441577e+04    +2.843104e-03
   2.441676e+04    +1.031721e-02
   2.441773e+04    +1.469461e-02
   2.441876e+04    +2.234330e-02
   2.441972e+04    +2.708850e-02
   2.442077e+04    +3.546161e-02
   2.442165e+04    +4.269484e-02
   2.442262e+04    +4.845078e-02
   2.442366e+04    +4.599593e-02
   2.442457e+04    +5.354574e-02
   2.442558e+04    +6.070570e-02
   2.442652e+04    +5.943367e-02
   2.442740e+04    +6.348871e-02
   2.442839e+04    +5.746402e-02
   2.442938e+04    +5.468800e-02
   2.443035e+04    +5.955253e-02
   2.443134e+04    +5.518750e-02
   2.443230e+04    +4.835892e-02
   2.443323e+04    +4.632659e-02
   2.443423e+04    +4.225847e-02
   2.443514e+04    +3.599592e-02
   2.443608e+04    +3.923101e-02
   2.443704e+04    +3.196224e-02
   2.443806e+04    +3.329090e-02
   2.443901e+04    +2.717882e-02
   2.444000e+04    +2.403357e-02
   2.444095e+04    +2.953053e-02
   2.444191e+04    +2.758581e-02
   2.444295e+04    +2.508562e-02
   2.444383e+04    +2.984424e-02
   2.444487e+04    +2.873948e-02
   2.444576e+04    +2.424994e-02
   2.444675e+04    +2.956247e-02
   2.444772e+04    +2.933765e-02
   2.444865e+04    +2.457853e-02
   2.444967e+04    +2.547541e-02
   2.445066e+04    +2.954773e-02
   2.445156e+04    +2.816748e-02
   2.445252e+04    +2.195463e-02
   2.445353e+04    +2.309078e-02
   2.445452e+04    +1.296762e-02
   2.445544e+04    +1.283454e-02
   2.445649e+04    +8.993826e-03
   2.445749e+04    +8.833116e-03
   2.445848e+04    +3.150925e-03
   2.445948e+04    +1.091141e-02
   2.446041e+04    +4.875379e-03
   2.446137e+04    +1.900131e-03
   2.446238e+04    +1.204441e-03
   2.446332e+04    -2.733991e-03
   2.446426e+04    -4.982711e-03
   2.446524e+04    -4.367518e-03
   2.446620e+04    -4.159954e-03
   2.446719e+04    -8.756038e-03
   2.446820e+04    -1.175787e-02
   2.446915e+04    -5.219782e-03
   2.447014e+04    -4.553431e-03
   2.447109e+04    -6.904194e-03
   2.447213e+04    -9.999308e-03
   2.447302e+04    -1.110130e-02
   2.447402e+04    -1.115961e-02
   2.447497e+04    -1.398672e-02
   2.447596e+04    -1.349795e-02
   2.447693e+04    -1.809782e-02
   2.447786e+04    -1.815858e-02
   2.447890e+04    -1.423645e-02
   2.447985e+04    -1.556321e-02
   2.448079e+04    -1.163854e-02
   2.448183e+04    -1.487270e-02
   2.448273e+04    -1.284510e-02
   2.448376e+04    -6.368086e-03
   2.448469e+04    -1.288676e-02
   2.448570e+04    -1.026551e-02
   2.448666e+04    +5.838121e-04
   2.448767e+04    -6.865160e-03
   2.448868e+04    +6.639619e-03
   2.448962e+04    +5.047428e-03
   2.449066e+04    +2.957399e-03
   2.449160e+04    +2.541444e-03
   2.449265e+04    +1.076766e-02
   2.449359e+04    +1.097306e-02
   2.449454e+04    +1.073258e-02
   2.449551e+04    +1.255859e-02
   2.449649e+04    +1.111456e-02
   2.449747e+04    +1.709978e-02
   2.449842e+04    +2.394319e-02
   2.449939e+04    +1.811918e-02
   2.450037e+04    +2.513400e-02
   2.450130e+04    +2.104677e-02
   2.450229e+04    +2.271660e-02
   2.450325e+04    +2.139638e-02
   2.450423e+04    +2.083031e-02
   2.450521e+04    +2.340032e-02
   2.450627e+04    +2.702853e-02
   2.450718e+04    +2.352564e-02
   2.450817e+04    +2.453395e-02
   2.450908e+04    +1.912738e-02
   2.451004e+04    +2.170424e-02
   2.451104e+04    +2.431962e-02
   2.451199e+04    +2.186645e-02
   2.451300e+04    +2.344582e-02
   2.451396e+04    +2.099243e-02
   2.451488e+04    +2.129128e-02
   2.451585e+04    +2.244647e-02
   2.451684e+04    +2.512639e-02
   2.451782e+04    +1.939507e-02
   2.451881e+04    +2.648051e-02
   2.451980e+04    +1.341770e-02
   2.452076e+04    +2.308270e-02
   2.452173e+04    +1.970414e-02
   2.452264e+04    +1.972801e-02
   2.452370e+04    +1.742243e-02
   2.452471e+04    +1.609091e-02
   2.452563e+04    +1.818546e-02
   2.452666e+04    +2.133059e-02
   2.452764e+04    +1.512893e-02
   2.452864e+04    +2.070615e-02
   2.452957e+04    +1.694806e-02
   2.453051e+04    +1.806610e-02
   2.453154e+04    +1.961471e-02
   2.453251e+04    +1.794836e-02
   2.453346e+04    +1.403933e-02
   2.453455e+04    +1.237909e-02
   2.453551e+04    +9.421433e-03
   2.453648e+04    +1.697200e-02
   2.453740e+04    +1.425165e-02
   2.453839e+04    +1.456270e-02
   2.453938e+04    +1.430579e-02
   2.454034e+04    +8.896245e-03
   2.454140e+04    +1.259260e-02
   2.454242e+04    +1.129371e-02
   2.454333e+04    +1.778594e-02
   2.454430e+04    +5.486550e-03
   2.454528e+04    +1.117047e-02
   2.454624e+04    +1.072179e-02
   2.454723e+04    +1.448824e-02
   2.454823e+04    +1.476215e-02
   2.454921e+04    +1.447348e-02
   2.455018e+04    +1.032123e-02
   2.455112e+04    +1.094790e-02
   2.455216e+04    +1.179207e-02
   2.455311e+04    +1.101056e-02
   2.455405e+04    +9.535625e-03
   2.455503e+04    +1.266466e-02
   2.455604e+04    +1.137303e-02
   2.455708e+04    +1.292852e-02
   2.455804e+04    +1.519176e-02
   2.455902e+04    +6.868337e-03
   2.455998e+04    +1.207285e-02
   2.456099e+04    +1.217668e-02
   2.456196e+04    +8.870469e-03
   2.456295e+04    +9.770108e-03
   2.456392e+04    +8.803245e-03
   2.456494e+04    +4.223408e-03
   2.456582e+04    +1.476199e-03
   2.456682e+04    +5.131151e-03
   2.456784e+04    -3.822224e-03
   2.456884e+04    +1.828582e-03
   2.456976e+04    -5.503240e-03
   2.457079e+04    -1.020529e-02
   2.457178e+04    -1.188484e-02
   2.457269e+04    -9.087017e-03
   2.457368e+04    -1.229185e-02
   2.457467e+04    -1.131174e-02
   2.457563e+04    -1.781413e-02
   2.457659e+04    -2.176970e-02
   2.457760e+04    -1.874068e-02
   2.457856e+04    -2.140973e-02
   2.457949e+04    -1.718884e-02
   2.458046e+04    -2.308067e-02
   2.458149e+04    -1.556137e-02
   2.458244e+04    -2.209993e-02
   2.458334e+04    -2.072854e-02
   2.458437e+04    -1.659700e-02
   2.458539e+04    -2.022465e-02
   2.458638e+04    -2.048727e-02
   2.458736e+04    -1.233076e-02
   2.458828e+04    -1.993293e-02
   2.458924e+04    -9.389401e-03
   2.459021e+04    -1.333237e-02
   2.459126e+04    -1.049652e-02
   2.459223e+04    -1.498109e-02
   2.459329e+04    -9.307827e-03
   2.459421e+04    -7.363546e-03
   2.459518e+04    -7.495580e-03
   2.459623e+04    -7.177283e-03
   2.459715e+04    -2.325294e-03
   2.459816e+04    -4.868267e-03
   2.459907e+04    +1.677724e-03
   2.460002e+04    +4.229825e-03
   2.460108e+04    +9.064571e-04
   2.460207e+04    +4.210662e-03
   2.460301e+04    +7.780501e-03
   2.460395e+04    +1.894690e-03
   2.460497e+04    +6.343628e-03
   2.460592e+04    +1.125222e-02
   2.460691e+04    +5.596131e-03
   2.460786e+04    +1.440187e-02
   2.460880e+04    +1.312960e-02
   2.460984e+04    +8.929877e-03
   2.461080e+04    +1.090491e-02
   2.461178e+04    +1.496215e-02
   2.461272e+04    +9.606388e-03
   2.461371e+04    +1.172698e-02
   2.461469e+04    +1.209357e-02
   2.461565e+04    +8.001849e-03
   2.461663e+04    +1.580442e-02
   2.461761e+04    +9.458066e-03
   2.461859e+04    +1.441452e-02
   2.461958e+04    +7.090880e-03
   2.462054e+04    +1.672956e-02
   2.462154e+04    +1.587784e-02
   2.462248e+04    +1.196787e-02
   2.462353e+04    +1.044172e-02
   2.462444e+04    +9.353320e-03
   2.462545e+04    +9.422229e-03
   2.462643e+04    +7.483559e-03
   2.462744e+04    +2.487912e-03
   2.462837e+04    +8.675499e-03
   2.462941e+04    +9.684095e-03
   2.463036e+04    +2.174846e-03
   2.463127e+04    +4.698165e-03
   2.463223e+04    -6.607389e-04
   2.463321e+04    +1.016875e-03
   2.463423e+04    +7.573911e-04
   2.463519e+04    -2.039008e-03
   2.463623e+04    +5.559644e-04
   2.463716e+04    -6.320539e-04
   2.463815e+04    -3.928476e-04
   2.463911e+04    -2.702138e-03
   2.464009e+04    -2.196878e-03
   2.464107e+04    -1.642220e-03
   2.464201e+04    -4.399226e-03
   2.464298e+04    -1.226752e-03
   2.464393e+04    -4.526023e-03
   2.464489e+04    -4.838032e-03
   2.464591e+04    -3.606262e-03
   2.464686e+04    -1.096450e-02
   2.464784e+04    -4.535413e-03
   2.464880e+04    -4.999714e-03
   2.464975e+04    -1.370101e-02
   2.465076e+04    -4.860847e-03
   2.465171e+04    -1.186615e-02
   2.465264e+04    -1.144295e-02
   2.465366e+04    -1.157719e-02
   2.465464e+04    -3.191162e-03
   2.465559e+04    -4.780472e-03
   2.465658e+04    -9.164452e-03
   2.465756e+04    -7.662519e-03
   2.465859e+04    -5.003606e-03
   2.465957e+04    -6.698061e-03
   2.466058e+04    -9.306447e-03
   2.466165e+04    -8.983032e-03
   2.466257e+04    -5.999370e-03
   2.466357e+04    -4.393626e-03
   2.466462e+04    +1.661706e-04
   2.466551e+04    -4.164602e-03
   2.466641e+04    -5.032595e-03
   2.466744e+04    -2.706827e-03
   2.466844e+04    +3.368107e-03
   2.466944e+04    -1.686818e-03
   2.467034e+04    -4.040402e-03
   2.467128e+04    -6.975015e-03
   2.467225e+04    -5.440128e-03
   2.467327e+04    -3.185564e-03
   2.467419e+04    +1.261967e-03
   2.467514e+04    -6.150170e-03
   2.467615e+04    -1.690156e-03
   2.467708e+04    +3.193646e-03
   2.467802e+04    +8.063597e-04
   2.467901e+04    -4.738330e-03
   2.467995e+04    -1.251414e-03
   2.468090e+04    -4.582479e-03
   2.468192e+04    +1.981227e-03
   2.468291e+04    +3.346413e-03
   2.468383e+04    +1.610778e-03
   2.468478e+04    +4.583414e-03
   2.468573e+04    +3.117835e-03
   2.468672e+04    -9.708539e-04
   2.468773e+04    -5.638895e-03
   2.468871e+04    +1.272320e-03
   2.468975e+04    -6.056128e-03
   2.469071e+04    -5.967165e-03
   2.469163e+04    -5.399735e-04
   2.469273e+04    -6.163058e-04
   2.469361e+04    +4.545081e-03
   2.469459e+04    +7.404188e-04
   2.469551e+04    +4.950553e-04
   2.469654e+04    -6.109716e-03
   2.469746e+04    -2.555152e-03
   2.469848e+04    +3.374521e-04
   2.469944e+04    -1.110432e-03
   2.470041e+04    -1.355993e-03
   2.470133e+04    -3.314385e-03
   2.470238e+04    -6.051686e-03
   2.470332e+04    -3.571205e-03
   2.470424e+04    -9.855174e-03
   2.470525e+04    -8.008298e-03
   2.470619e+04    -6.633765e-03
   2.470709e+04    -9.665983e-03
   2.470810e+04    -9.508382e-03
   2.470903e+04    -9.908862e-03
   2.471004e+04    -7.746898e-03
   2.471102e+04    -1.023113e-02
   2.471197e+04    -7.455940e-03
   2.471297e+04    -1.375006e-02
   2.471394e+04    -8.157999e-03
   2.471487e+04    -8.344614e-03
   2.471590e+04    -1.485110e-02
   2.471688e+04    -1.745833e-02
   2.471779e+04    -1.812159e-02
   2.471875e+04    -1.463805e-02
   2.471973e+04    -1.298161e-02
   2.472072e+04    -1.378509e-02
   2.472172e+04    -1.202814e-02
   2.472264e+04    -1.355692e-02
   2.472373e+04    -8.310491e-03
   2.472462e+04    -1.079327e-02
   2.472560e+04    -1.136277e-02
   2.472654e+04    -1.743915e-02
   2.472757e+04    -1.184726e-02
   2.472848e+04    -6.600264e-03
   2.472952e+04    -1.568215e-02
   2.473048e+04    -1.054903e-02
   2.473145e+04    -2.057415e-02
   2.473237e+04    -1.218215e-02
   2.473336e+04    -8.290145e-03
   2.473431e+04    -5.316980e-03
   2.473527e+04    -1.437086e-02
   2.473630e+04    -5.553114e-03
   2.473724e+04    -6.797463e-03
   2.473822e+04    -5.925204e-03
   2.473923e+04    -1.072801e-02
   2.474016e+04    -1.183790e-02
   2.474115e+04    -1.316429e-02
   2.474215e+04    -4.589650e-03
   2.474314e+04    -9.371880e-03
   2.474411e+04    -9.016866e-03
   2.474506e+04    -4.558495e-03
   2.474605e+04    -3.623162e-03
   2.474702e+04    -4.449948e-03
   2.474799e+04    -5.085752e-03
   2.474897e+04    -4.714729e-03
   2.474996e+04    -1.952558e-03
   2.475099e+04    +3.591079e-03
   2.475196e+04    -2.692947e-03
   2.475294e+04    -3.288226e-03
   2.475391e+04    -4.410346e-03
   2.475489e+04    +6.436617e-04
   2.475589e+04    +2.254402e-04
   2.475687e+04    -2.182091e-03
   2.475784e+04    -2.499280e-03
   2.475883e+04    +4.358693e-03
   2.475985e+04    +1.495159e-03
   2.476082e+04    -4.425092e-04
   2.476183e+04    +2.577204e-03
   2.476279e+04    +5.945516e-03
   2.476378e+04    +1.068981e-02
   2.476479e+04    -3.202140e-04
   2.476576e+04    -2.089218e-03
   2.476669e+04    +2.015408e-03
   2.476768e+04    +3.675476e-03
   2.476874e+04    -3.805282e-04
   2.476970e+04    +7.528774e-03
   2.477077e+04    +2.119431e-03
   2.477165e+04    +1.150045e-03
   2.477267e+04    +6.249296e-04
   2.477361e+04    -2.026236e-03
   2.477459e+04    -6.181630e-04
   2.477567e+04    -1.623255e-03
   2.477661e+04    +2.098493e-03
   2.477762e+04    +5.947562e-03
   2.477858e+04    +3.127583e-03
   2.477949e+04    +2.566967e-03
   2.478057e+04    +2.091385e-03
   2.478156e+04    -1.858137e-03
   2.478251e+04    -4.442597e-03
   2.478354e+04    -4.616643e-03
   2.478444e+04    -4.892103e-03
   2.478544e+04    +8.816262e-04
   2.478647e+04    -4.434026e-03
   2.478747e+04    +5.752637e-04
   2.478837e+04    -5.303166e-03
   2.478940e+04    -1.031394e-03
   2.479037e+04    -3.426145e-03
   2.479137e+04    -4.100719e-03
   2.479239e+04    -3.186658e-03
   2.479332e+04    -4.123224e-03
   2.479431e+04    +1.069705e-03
   2.479533e+04    +3.353661e-04
   2.479636e+04    -5.940355e-03
   2.479731e+04    -1.540066e-03
   2.479835e+04    -4.070650e-03
   2.479937e+04    -6.160508e-03
   2.480032e+04    -1.804602e-03
   2.480134e+04    -1.131419e-02
   2.480235e+04    -6.934334e-03
   2.480331e+04    -5.878956e-03
   2.480435e+04    -9.658213e-03
   2.480536e+04    -1.401027e-03
   2.480637e+04    -5.861141e-03
   2.480739e+04    -8.543666e-03
   2.480829e+04    -9.704110e-03
   2.480926e+04    -5.523306e-03
   2.481033e+04    -6.878651e-03
   2.481131e+04    -1.088474e-02
   2.481234e+04    -4.976466e-03
   2.481329e+04    -2.747302e-03
   2.481425e+04    -6.631264e-03
   2.481530e+04    -6.986483e-03
   2.481623e+04    -5.458260e-03
   2.481730e+04    -5.031990e-03
   2.481828e+04    -7.795996e-03
   2.481922e+04    -7.740905e-03
   2.482027e+04    -9.130436e-03
   2.482128e+04    -8.250361e-03
   2.482222e+04    -3.816683e-03
   2.482326e+04    -8.997398e-03
   2.482431e+04    -5.003721e-03
   2.482535e+04    -4.700214e-03
   2.482628e+04    -4.135868e-03
   2.482729e+04    -2.453082e-03
   2.482836e+04    -2.315872e-04
   2.482933e+04    -8.470204e-03
   2.483039e+04    -4.285808e-03
   2.483142e+04    -5.479058e-03
   2.483239e+04    -4.218106e-03
   2.483335e+04    +1.914276e-04
   2.483442e+04    -9.418879e-03
   2.483541e+04    -4.187089e-03
   2.483637e+04    -4.616393e-03
   2.483740e+04    -7.197307e-03
   2.483842e+04    -2.112293e-03
   2.483944e+04    +2.105589e-03
   2.484045e+04    +3.684065e-05
   2.484144e+04    -8.557441e-03
   2.484250e+04    -4.803043e-03
   2.484344e+04    -7.557938e-03
   2.484447e+04    -9.393599e-04
   2.484553e+04    -5.671849e-03
   2.484652e+04    -4.924354e-03
   2.484751e+04    -3.900545e-03
   2.484850e+04    -6.706618e-03
   2.484955e+04    -4.162619e-03
   2.485047e+04    -3.724615e-03
   2.485155e+04    -4.336047e-03
   2.485258e+04    -2.344169e-03
   2.485353e+04    -4.721546e-03
   2.485450e+04    -3.809194e-03
   2.485555e+04    -7.150097e-03
   2.485654e+04    +9.321156e-04
   2.485754e+04    -2.731103e-03
   2.485852e+04    -1.023020e-02
   2.485954e+04    -3.688077e-03
   2.486061e+04    -7.445575e-03
   2.486155e+04    -1.066641e-03
   2.486260e+04    -2.200772e-03
   2.486360e+04    -3.739690e-03
   2.486461e+04    -2.141144e-03
   2.486568e+04    +3.237957e-03
   2.486668e+04    -5.174267e-03
   2.486771e+04    +2.359072e-04
   2.486870e+04    -3.009429e-03
   2.486972e+04    -4.807432e-03
   2.487076e+04    -5.894159e-03
   2.487173e+04    -4.720863e-03
   2.487281e+04    -5.207194e-03
   2.487382e+04    -2.098193e-03
   2.487480e+04    +1.137622e-03
   2.487581e+04    -3.181895e-03
   2.487685e+04    +9.424537e-04
   2.487781e+04    -6.232046e-04
   2.487885e+04    +3.066316e-03
   2.487984e+04    +1.945335e-03
   2.488087e+04    -3.173985e-03
   2.488188e+04    +3.476569e-03
   2.488284e+04    -8.803877e-04
   2.488380e+04    -2.917511e-03
   2.488484e+04    -4.348083e-03
   2.488580e+04    -3.569514e-03
   2.488690e+04    -7.138929e-03
   2.488791e+04    -2.459255e-03
   2.488889e+04    -1.793166e-03
   2.488992e+04    -2.741628e-03
   2.489091e+04    -4.498381e-03
   2.489196e+04    -2.637900e-03
   2.489291e+04    -1.218543e-04
   2.489394e+04    -8.604089e-03
   2.489505e+04    +2.757761e-03
   2.489599e+04    +2.088361e-03
   2.489706e+04    -1.961492e-06
   2.489809e+04    +1.857810e-03
   2.489911e+04    -1.677646e-03
   2.490016e+04    -4.447696e-03
   2.490123e+04    +4.000345e-04
   2.490218e+04    -8.201976e-03
   2.490317e+04    -1.265400e-03
   2.490422e+04    -2.253995e-03
   2.490516e+04    -9.790210e-04
   2.490624e+04    -9.701034e-04
   2.490726e+04    -4.097000e-03
   2.490835e+04    -3.240808e-03
   2.490934e+04    -4.013757e-03
   2.491036e+04    -3.962813e-03
   2.491135e+04    -4.412295e-03
   2.491241e+04    -1.458663e-03
   2.491338e+04    +6.272348e-04
   2.491442e+04    -3.002726e-04
   2.491546e+04    +1.609700e-03
   2.491644e+04    -5.329777e-03
   2.491747e+04    -4.970416e-03
   2.491845e+04    -4.844662e-03
   2.491950e+04    +1.813135e-03
   2.492053e+04    +1.979400e-03
   2.492152e+04    -1.507449e-03
   2.492254e+04    +3.988799e-04
   2.492356e+04    -1.613108e-03
   2.492460e+04    +2.484789e-03
   2.492562e+04    -2.989279e-03
   2.492666e+04    +1.577446e-03
   2.492770e+04    -3.386769e-03
   2.492870e+04    -1.616955e-03
   2.492975e+04    +3.962036e-03
   2.493075e+04    +3.059356e-03
   2.493177e+04    -2.993876e-03
   2.493283e+04    -3.083314e-03
   2.493385e+04    -5.707462e-03
   2.493488e+04    -2.296757e-03
   2.493598e+04    +1.238849e-04
   2.493692e+04    -3.425755e-03
   2.493798e+04    +9.354977e-04
   2.493901e+04    -2.942910e-03
   2.494001e+04    -2.405872e-03
   2.494104e+04    +7.982957e-04
   2.494208e+04    -8.251139e-04
   2.494305e+04    +3.328242e-03
   2.494407e+04    +8.563024e-04
   2.494512e+04    -5.083330e-04
   2.494612e+04    -5.374910e-03
   2.494712e+04    -1.867108e-03
   2.494816e+04    +4.998065e-04
   2.494921e+04    +5.297950e-04
   2.495019e+04    -2.611878e-04
   2.495119e+04    -4.011138e-03
   2.495230e+04    +2.717847e-03
   2.495319e+04    +2.802103e-03
   2.495430e+04    -2.278375e-03
   2.495528e+04    -5.988297e-03
   2.495637e+04    -2.114761e-03
   2.495738e+04    +6.720371e-04
   2.495834e+04    +3.021965e-03
   2.495934e+04    -4.417663e-03
   2.496043e+04    -3.389901e-03
   2.496147e+04    -7.619583e-04
   2.496249e+04    -8.589947e-04
   2.496348e+04    -3.162737e-03
   2.496450e+04    +9.077132e-03
   2.496552e+04    -4.278592e-04
   2.496655e+04    +8.543989e-03
   2.496758e+04    -5.177785e-03
   2.496866e+04    +4.905308e-03
   2.496969e+04    -1.153908e-03
   2.497071e+04    -7.301167e-04
   2.497167e+04    +1.223379e-03
   2.497271e+04    -4.071843e-03
   2.497374e+04    -3.160824e-03
   2.497474e+04    -1.899971e-03
   2.497580e+04    -1.055757e-03
   2.497678e+04    -3.882239e-03
   2.497777e+04    +7.593746e-03
   2.497884e+04    -1.699001e-03
   2.497989e+04    +2.716914e-03
   2.498093e+04    +4.191124e-03
   2.498188e+04    -4.390857e-03
   2.498285e+04    +2.085595e-03
   2.498386e+04    +1.885145e-03
   2.498488e+04    +7.917106e-03
   2.498596e+04    -1.967398e-03
   2.498698e+04    -4.796662e-03
   2.498796e+04    +2.206238e-03
   2.498905e+04    -5.368815e-03
   2.498997e+04    -2.796251e-03
   2.499105e+04    -3.702921e-03
   2.499202e+04    -7.702419e-03
   2.499308e+04    +5.883750e-03
   2.499411e+04    -1.584396e-04
   2.499508e+04    -3.044756e-03
   2.499606e+04    +2.805855e-03
   2.499711e+04    -2.179732e-05
   2.499810e+04    +1.533474e-03
   2.499913e+04    +8.320037e-05
   2.500014e+04    +7.997434e-04
   2.500112e+04    -1.050103e-03
   2.500215e+04    +6.858813e-03
   2.500320e+04    -4.613306e-05
   2.500420e+04    -1.396004e-03
   2.500523e+04    +1.022552e-03
   2.500628e+04    +4.752678e-03
   2.500728e+04    -1.113227e-03
   2.500828e+04    -3.322588e-03
   2.500935e+04    +2.005644e-03
   2.501031e+04    +3.652843e-03
   2.501131e+04    +6.813369e-03
   2.501231e+04    +2.464052e-03
   2.501334e+04    +3.587717e-03
   2.501432e+04    -7.301693e-04
   2.501534e+04    -1.621646e-03
   2.501639e+04    +1.780038e-03
   2.501740e+04    +2.579193e-04
   2.501836e+04    +2.097701e-03
   2.501944e+04    +3.292228e-03
   2.502037e+04    +2.464215e-03
   2.502143e+04    -2.511344e-03
   2.502245e+04    +1.640462e-03
   2.502345e+04    +6.980053e-03
   2.502441e+04    -4.157540e-03
   2.502545e+04    -1.595184e-03
   2.502643e+04    +4.452189e-03
   2.502747e+04    +5.606641e-03
   2.502854e+04    +1.086555e-03
   2.502954e+04    -3.059131e-04
   2.503054e+04    -2.293508e-03
   2.503158e+04    +9.089079e-04
   2.503255e+04    +2.584114e-03
   2.503363e+04    -4.624536e-03
   2.503457e+04    +1.291981e-03
   2.503563e+04    +3.139416e-03
   2.503663e+04    +4.804084e-03
   2.503762e+04    +6.064459e-04
   2.503868e+04    +5.934884e-03
   2.503973e+04    +6.055469e-03
   2.504073e+04    +5.121795e-03
   2.504175e+04    -2.671718e-03
   2.504278e+04    +3.484603e-03
   2.504377e+04    +3.515527e-03
   2.504479e+04    -1.108858e-04
   2.504585e+04    +4.837081e-04
   2.504679e+04    -8.566430e-04
   2.504780e+04    +3.885538e-03
   2.504882e+04    -2.150644e-03
   2.504988e+04    +2.915476e-03
   2.505086e+04    -1.951514e-03
   2.505183e+04    -1.571554e-04
   2.505287e+04    +5.961185e-04
   2.505387e+04    -1.417866e-05
   2.505490e+04    +1.888389e-03
   2.505597e+04    -5.374065e-04
   2.505700e+04    +6.850416e-03
   2.505800e+04    -6.244706e-04
   2.505900e+04    +6.300012e-04
   2.506009e+04    +3.642985e-03
   2.506108e+04    -2.559336e-03
   2.506211e+04    -4.845935e-03
   2.506321e+04    +4.617702e-03
   2.506420e+04    -5.125498e-04
   2.506520e+04    -3.872738e-03
   2.506625e+04    +1.990939e-03
   2.506722e+04    +2.725957e-03
   2.506829e+04    +2.322421e-03
   2.506933e+04    -7.585621e-04
   2.507036e+04    +7.988081e-03
   2.507137e+04    -3.706183e-03
   2.507239e+04    -2.166267e-03
   2.507341e+04    +3.294099e-03
   2.507445e+04    +4.059383e-03
   2.507549e+04    -1.241431e-03
   2.507651e+04    +2.870241e-03
   2.507754e+04    -8.677051e-05
   2.507857e+04    +6.628917e-03
   2.507952e+04    +3.033670e-03
   2.508057e+04    -1.063499e-03
   2.508163e+04    +6.889729e-03
   2.508265e+04    +8.306929e-04
   2.508371e+04    +4.908328e-03
   2.508475e+04    +3.039584e-03
   2.508582e+04    +2.821041e-04
   2.508675e+04    +1.987320e-03
   2.508785e+04    +1.124605e-03
   2.508880e+04    +5.652229e-03
   2.508992e+04    +6.782686e-03
   2.509089e+04    +1.903105e-03
   2.509194e+04    +3.687229e-03
   2.509296e+04    +1.552987e-03
   2.509395e+04    +3.567502e-03
   2.509498e+04    +2.876835e-03
   2.509603e+04    +4.659820e-03
   2.509699e+04    -2.068204e-03
   2.509806e+04    +7.775848e-03
   2.509911e+04    -3.384239e-03
   2.510018e+04    +2.544171e-03
   2.510111e+04    +4.137408e-03
   2.510214e+04    +2.074809e-03
   2.510315e+04    +7.338780e-03
   2.510422e+04    +1.225686e-02
   2.510523e+04    +7.195001e-03
   2.510633e+04    +3.907661e-03
   2.510734e+04    +5.628619e-03
   2.510839e+04    +5.175259e-03
   2.510941e+04    +4.785747e-03
   2.511048e+04    +7.007534e-03
   2.511142e+04    -1.521789e-04
   2.511253e+04    +2.516950e-03
   2.511355e+04    +1.910973e-03
   2.511453e+04    +6.582507e-03
   2.511555e+04    +9.476500e-03
   2.511660e+04    +3.257260e-03
   2.511757e+04    +2.782180e-03
   2.511862e+04    +7.609032e-03
   2.511970e+04    +1.157746e-04
   2.512079e+04    +1.017036e-03
   2.512175e+04    +9.949312e-04
   2.512278e+04    +8.347003e-03
   2.512374e+04    +1.713338e-03
   2.512481e+04    +1.732656e-03
   2.512590e+04    +5.612994e-04
   2.512685e+04    +2.416338e-03
   2.512786e+04    +9.725992e-04
   2.512893e+04    -1.153294e-04
   2.512995e+04    +9.519262e-03
   2.513096e+04    +1.678965e-03
   2.513194e+04    +2.306462e-03
   2.513296e+04    +3.161974e-03
   2.513404e+04    +8.896955e-03
   2.513504e+04    +4.308853e-03
   2.513610e+04    +4.782176e-03
   2.513713e+04    +4.590939e-03
   2.513820e+04    +1.515117e-03
   2.513922e+04    -1.673676e-03
   2.514026e+04    +4.519766e-04
   2.514130e+04    +2.271341e-03
   2.514226e+04    -1.875407e-05
   2.514335e+04    +4.587414e-03
   2.514444e+04    +2.979079e-03
   2.514549e+04    +2.694811e-04
   2.514653e+04    +8.366984e-03
   2.514753e+04    +4.772913e-03
   2.514862e+04    +2.989586e-03
   2.514970e+04    +1.040497e-03
   2.515070e+04    +8.466832e-04
   2.515172e+04    +2.745548e-03
   2.515269e+04    +3.974050e-03
   2.515380e+04    +7.822650e-04
   2.515489e+04    -2.764911e-03
   2.515587e+04    +2.495778e-03
   2.515692e+04    +2.652479e-03
   2.515795e+04    +3.927165e-03
   2.515902e+04    +2.622268e-03
   2.516002e+04    -3.901622e-03
   2.516102e+04    -1.844793e-03
   2.516214e+04    -1.404829e-03
   2.516315e+04    +4.908004e-03
   2.516419e+04    +4.860930e-03
   2.516520e+04    +3.628562e-03
   2.516625e+04    +4.334174e-03
   2.516723e+04    +1.356728e-03
   2.516832e+04    +3.992865e-03
   2.516942e+04    +1.465397e-03
   2.517039e+04    -9.390770e-04
   2.517140e+04    +3.366814e-03
   2.517249e+04    +1.415761e-03
   2.517350e+04    -3.688478e-03
   2.517456e+04    +2.411672e-03
   2.517562e+04    +9.376720e-03
   2.517667e+04    +4.675373e-03
   2.517768e+04    +6.210818e-03
   2.517872e+04    +2.948780e-03
   2.517975e+04    +8.167997e-03
   2.518079e+04    +6.224962e-03
   2.518187e+04    -2.234105e-03
   2.518292e+04    +1.492244e-03
   2.518396e+04    +1.504673e-03
   2.518502e+04    -3.366463e-03
   2.518605e+04    +1.352817e-03
   2.518707e+04    -2.398144e-03
   2.518805e+04    +1.088518e-03
   2.518913e+04    -1.928167e-03
   2.519015e+04    +3.324425e-03
   2.519111e+04    +3.754026e-04
   2.519215e+04    -2.591690e-03
   2.519321e+04    -1.528904e-03
   2.519424e+04    +1.310966e-04
   2.519530e+04    +1.319322e-03
   2.519630e+04    +4.087564e-04
   2.519737e+04    +4.420414e-03
   2.519840e+04    -1.573543e-04
   2.519942e+04    +3.871402e-03
   2.520050e+04    +2.649228e-03
   2.520143e+04    +6.659508e-03
   2.520254e+04    +5.459758e-03
   2.520357e+04    -1.840427e-03
   2.520459e+04    +6.478736e-03
   2.520570e+04    -4.459193e-03
   2.520675e+04    +4.754272e-04
   2.520782e+04    -2.471008e-03
   2.520883e+04    +2.982893e-03
   2.520983e+04    +4.730479e-03
   2.521093e+04    -2.973393e-03
   2.521196e+04    +1.112272e-03
   2.521305e+04    -9.660744e-04
   2.521400e+04    -5.800217e-04
   2.521506e+04    -8.381024e-04
   2.521607e+04    +4.437310e-03
   2.521718e+04    +1.835761e-03
   2.521824e+04    +7.294670e-04
   2.521932e+04    +5.920110e-03
   2.522037e+04    +2.639993e-03
   2.522133e+04    +5.668189e-03
   2.522240e+04    +3.604182e-03
   2.522341e+04    +3.629390e-03
   2.522448e+04    -1.763160e-03
   2.522544e+04    +1.643330e-03
   2.522653e+04    +3.369054e-03
   2.522755e+04    -5.698802e-04
   2.522859e+04    +3.257159e-03
   2.522963e+04    +1.140126e-02
   2.523066e+04    +4.959618e-03
   2.523167e+04    +5.093764e-03
   2.523268e+04    +4.647948e-03
   2.523376e+04    +1.107334e-03
   2.523476e+04    +8.067311e-04
   2.523582e+04    -2.191842e-03
   2.523683e+04    +5.186067e-03
   2.523786e+04    +3.565247e-03
   2.523897e+04    -1.371987e-03
   2.523991e+04    +4.243073e-03
   2.524102e+04    -1.124463e-03
   2.524205e+04    +7.146474e-03
   2.524301e+04    +3.459405e-03
   2.524410e+04    +5.019331e-03
   2.524516e+04    +5.003938e-03
   2.524613e+04    +4.372865e-03
   2.524715e+04    -4.745384e-04
   2.524823e+04    +1.299334e-03
   2.524926e+04    +3.409128e-03
   2.525035e+04    -4.451931e-04
   2.525132e+04    +6.992213e-03
   2.525238e+04    +3.990574e-03
   2.525346e+04    +2.274880e-03
   2.525448e+04    +5.265717e-03
   2.525558e+04    +5.287293e-03
   2.525659e+04    -2.169847e-03
   2.525765e+04    +2.306403e-03
   2.525867e+04    -2.345621e-03
   2.525966e+04    +9.381963e-04
   2.526067e+04    +1.098993e-02
   2.526168e+04    +3.040157e-03
   2.526277e+04    +4.752600e-03
   2.526372e+04    +4.897917e-03
   2.526476e+04    +1.020119e-02
   2.526576e+04    +7.649493e-03
   2.526682e+04    -1.012307e-03
   2.526785e+04    +2.877142e-03
   2.526888e+04    +4.509266e-03
   2.526988e+04    +2.094496e-03
   2.527096e+04    -2.304481e-04
   2.527196e+04    +6.081269e-03
   2.527298e+04    -1.752333e-03
   2.527399e+04    +3.681027e-03
   2.527502e+04    -3.311848e-04
   2.527602e+04    +5.445923e-03
   2.527704e+04    -9.847071e-03
   2.527804e+04    +3.456645e-03
   2.527912e+04    -1.057872e-03
   2.528006e+04    -8.434884e-04
   2.528108e+04    +1.591681e-03
   2.528210e+04    +1.392116e-03
   2.528316e+04    +5.675818e-03
   2.528413e+04    +2.063532e-03
   2.528517e+04    -3.271680e-03
   2.528615e+04    +8.060915e-04
   2.528719e+04    +2.728983e-03
   2.528823e+04    +1.898152e-03
   2.528929e+04    -9.335267e-03
   2.529035e+04    -1.214100e-03
   2.529127e+04    +3.443156e-03
   2.529244e+04    -5.135745e-03
   2.529340e+04    -2.169345e-03
   2.529440e+04    -6.219023e-03
   2.529548e+04    +5.370167e-03
   2.529649e+04    +1.051940e-03
   2.529748e+04    +2.178564e-03
   2.529853e+04    -2.935666e-03
   2.529956e+04    +7.166265e-05
   2.530061e+04    +3.397600e-03
   2.530160e+04    +3.395760e-03
   2.530265e+04    +5.219383e-04
   2.530357e+04    +1.980571e-03
   2.530466e+04    -3.348768e-03
   2.530560e+04    +5.027141e-03
   2.530662e+04    -2.047324e-03
   2.530769e+04    -6.197495e-04
   2.530863e+04    +2.253434e-03
   2.530972e+04    -3.894085e-03
   2.531073e+04    -1.019475e-03
   2.531171e+04    +8.838723e-04
   2.531280e+04    -5.258010e-03
   2.531375e+04    +9.858405e-04
   2.531474e+04    +3.091864e-03
   2.531579e+04    +3.005142e-03
   2.531678e+04    +2.664525e-03
   2.531782e+04    -2.165699e-03
   2.531887e+04    +2.185230e-04
   2.531988e+04    +2.671104e-03
   2.532089e+04    +7.215944e-04
   2.532191e+04    -3.186951e-04
   2.532300e+04    +1.284927e-03
   2.532398e+04    -1.132350e-03
   2.532501e+04    -5.761717e-03
   2.532605e+04    -3.736814e-03
   2.532707e+04    -1.198448e-04
   2.532811e+04    -2.236299e-03
   2.532912e+04    -4.817982e-04
   2.533017e+04    -2.965614e-05
   2.533113e+04    +6.316512e-03
   2.533216e+04    -2.211263e-03
   2.533311e+04    +2.011707e-03
   2.533415e+04    +3.189050e-03
   2.533520e+04    +3.862526e-03
   2.533623e+04    +7.195071e-03
   2.533726e+04    -1.550106e-03
   2.533832e+04    +7.878350e-05
   2.533931e+04    +4.256186e-05
   2.534027e+04    +1.613119e-03
   2.534131e+04    -1.304893e-03
   2.534233e+04    -3.953966e-04
   2.534337e+04    +3.991410e-04
   2.534439e+04    +1.866884e-03
   2.534540e+04    +5.620274e-04
   2.534638e+04    -6.217148e-03
   2.534741e+04    -1.059937e-03
   2.534847e+04    -1.790359e-03
   2.534939e+04    +1.056077e-03
   2.535043e+04    -3.555303e-03
   2.535147e+04    -5.662089e-03
   2.535244e+04    -1.084153e-03
   2.535352e+04    +5.055072e-04
   2.535453e+04    +2.411092e-03
   2.535550e+04    -1.337279e-03
   2.535650e+04    -4.386601e-04
   2.535753e+04    -1.215116e-04
   2.535862e+04    +4.943854e-03
   2.535963e+04    -4.308730e-03
   2.536066e+04    -3.835352e-04
   2.536173e+04    -3.975727e-03
   2.536266e+04    -2.563297e-03
   2.536373e+04    -8.852259e-04
   2.536479e+04    +1.544215e-03
   2.536580e+04    -1.219610e-03
   2.536690e+04    +1.098504e-03
   2.536788e+04    -5.062533e-03
   2.536900e+04    +1.058992e-03
   2.537004e+04    -4.179420e-03
   2.537108e+04    +2.112189e-03
   2.537204e+04    +1.256254e-04
   2.537309e+04    +3.420009e-03
   2.537415e+04    -2.682781e-03
   2.537517e+04    +3.347630e-03
   2.537622e+04    -5.003229e-03
   2.537722e+04    +3.892103e-03
   2.537827e+04    -5.330004e-03
   2.537928e+04    -1.495820e-03
   2.538033e+04    +1.891866e-03
   2.538133e+04    -2.115134e-03
   2.538241e+04    +4.473774e-03
   2.538338e+04    -5.745854e-03
   2.538440e+04    -6.132579e-03
   2.538546e+04    +6.179523e-04
   2.538649e+04    -6.724638e-04
   2.538754e+04    +1.204853e-03
   2.538853e+04    -5.442003e-03
   2.538964e+04    -1.691402e-03
   2.539064e+04    -6.438153e-04
   2.539171e+04    +1.982961e-03
   2.539276e+04    -1.790179e-03
   2.539381e+04    -3.464091e-03
   2.539488e+04    -1.556772e-04
   2.539592e+04    -2.677495e-03
   2.539697e+04    -4.008474e-03
   2.539806e+04    -2.774843e-03
   2.539913e+04    -2.690610e-03
   2.540005e+04    -5.520456e-03
   2.540120e+04    +3.866051e-04
   2.540225e+04    +1.244643e-03
   2.540326e+04    -5.258447e-03
   2.540425e+04    -1.529611e-03
   2.540539e+04    -1.001054e-02
   2.540643e+04    -6.597246e-04
   2.540747e+04    +1.847506e-03
   2.540848e+04    -1.462028e-03
   2.540950e+04    +3.160476e-03
   2.541058e+04    -8.182026e-03
   2.541159e+04    -3.101206e-04
   2.541266e+04    -4.356735e-04
   2.541372e+04    -8.562634e-03
   2.541470e+04    +6.081266e-03
   2.541573e+04    +1.306463e-03
   2.541678e+04    -2.575569e-03
   2.541781e+04    -5.168561e-03
   2.541887e+04    -1.080953e-03
   2.541986e+04    -4.670468e-03
   2.542094e+04    +5.566293e-03
   2.542199e+04    -3.470442e-03
   2.542305e+04    -3.180928e-03
   2.542406e+04    -2.616516e-03
   2.542521e+04    -4.228421e-03
   2.542614e+04    +2.225822e-03
   2.542719e+04    -2.554013e-03
   2.542820e+04    -8.721923e-03
   2.542921e+04    +1.687008e-03
   2.543033e+04    -6.686910e-03
   2.543144e+04    -5.252721e-03
   2.543250e+04    +3.010791e-03
   2.543357e+04    -1.121687e-02
   2.543465e+04    -3.851353e-03
   2.543573e+04    -1.062756e-02
   2.543679e+04    -8.540715e-03
   2.543784e+04    -6.982101e-03
   2.543886e+04    -4.449280e-03
   2.543992e+04    -8.838087e-03
   2.544100e+04    -8.366048e-03
   2.544211e+04    -5.932389e-03
   2.544309e+04    -3.663139e-04
   2.544423e+04    -9.598806e-03
