#S 1
#D #D Sat Nov 2 15:13:50 2024
#U blowerT 25.1
#V signal fl
#V reference tr
#V E0 24353.477959237727
#V refE0 24350.0
#V blowerT 25.1
#V J0 165678489037.01474
#L E               x
   2.420024e+04    +2.841830e-05
   2.420116e+04    +1.117936e-03
   2.420210e+04    +6.184062e-04
   2.420308e+04    +9.257855e-04
   2.420400e+04    -3.934395e-04
   2.420492e+04    +4.195148e-04
   2.420588e+04    +1.059481e-04
   2.420687e+04    +4.765825e-04
   2.420773e+04    -9.355279e-04
   2.420872e+04    +2.993638e-04
   2.420964e+04    +9.320948e-04
   2.421059e+04    +1.659303e-04
   2.421156e+04    +7.257136e-04
   2.421238e+04    -1.669573e-04
   2.421327e+04    -9.875014e-04
   2.421426e+04    -7.401854e-06
   2.421521e+04    -4.434563e-04
   2.421609e+04    +6.409960e-05
   2.421701e+04    -1.540250e-04
   2.421793e+04    -6.361101e-04
   2.421887e+04    +3.065112e-04
   2.421975e+04    -1.199141e-03
   2.422068e+04    -2.559556e-04
   2.422159e+04    +3.069276e-05
   2.422258e+04    +5.803741e-04
   2.422344e+04    -3.712367e-04
   2.422437e+04    -1.977597e-05
   2.422531e+04    -2.631430e-04
   2.422623e+04    +4.297188e-04
   2.422724e+04    +3.717545e-04
   2.422813e+04    +3.629464e-05
   2.422909e+04    -6.486728e-04
   2.422994e+04    +1.072926e-03
   2.423086e+04    -7.729077e-04
   2.423183e+04    -1.285699e-04
   2.423269e+04    +5.373004e-04
   2.423362e+04    +4.463891e-06
   2.423455e+04    +3.270634e-04
   2.423551e+04    +3.046243e-04
   2.423645e+04    -7.974688e-05
   2.423741e+04    +1.091548e-04
   2.423833e+04    -8.934188e-04
   2.423921e+04    -7.366032e-04
   2.424016e+04    -5.621128e-04
   2.424108e+04    -1.385112e-04
   2.424204e+04    -4.947519e-04
   2.424293e+04    -2.183874e-04
   2.424395e+04    -5.416929e-04
   2.424483e+04    +7.073637e-05
   2.424577e+04    +5.588040e-04
   2.424668e+04    +1.202263e-05
   2.424755e+04    -1.231372e-03
   2.424853e+04    -6.164950e-04
   2.424947e+04    -7.064024e-05
   2.425036e+04    +4.091922e-04
   2.425124e+04    -1.446964e-03
   2.425220e+04    -6.818284e-04
   2.425312e+04    -8.207780e-04
   2.425410e+04    +4.214382e-04
   2.425501e+04    -2.717361e-04
   2.425594e+04    -5.929632e-04
   2.425684e+04    +2.032805e-05
   2.425778e+04    +1.041818e-03
   2.425870e+04    -2.869042e-04
   2.425978e+04    +7.269653e-04
   2.426064e+04    +1.656050e-04
   2.426153e+04    -3.177465e-04
   2.426250e+04    +2.856416e-04
   2.426348e+04    +1.123059e-03
   2.426434e+04    +2.047068e-04
   2.426528e+04    -6.790472e-04
   2.426623e+04    -3.604197e-04
   2.426717e+04    +2.285656e-04
   2.426809e+04    -2.717730e-04
   2.426906e+04    +6.295754e-04
   2.427000e+04    +6.906561e-04
   2.427090e+04    +9.889625e-05
   2.427183e+04    +1.209464e-03
   2.427274e+04    +8.097959e-04
   2.427369e+04    +7.459789e-04
   2.427469e+04    +1.199699e-03
   2.427559e+04    +1.281164e-03
   2.427652e+04    +1.686258e-03
   2.427752e+04    +1.379203e-03
   2.427838e+04    +1.915796e-03
   2.427931e+04    +1.162437e-03
   2.428031e+04    +1.969342e-03
   2.428121e+04    +1.271601e-03
   2.428213e+04    +2.358715e-03
   2.428305e+04    +9.751891e-04
   2.428406e+04    +1.776946e-03
   2.428500e+04    +2.171441e-03
   2.428596e+04    +2.191619e-03
   2.428697e+04    +2.218568e-03
   2.428792e+04    +1.634020e-03
   2.428880e+04    +2.102520e-03
   2.428972e+04    +3.066777e-03
   2.429069e+04    +3.420825e-03
   2.429164e+04    +2.931578e-03
   2.429259e+04    +3.474875e-03
   2.429356e+04    +4.576593e-03
   2.429448e+04    +3.454747e-03
   2.429545e+04    +3.417623e-03
   2.429638e+04    +4.550297e-03
   2.429731e+04    +4.925513e-03
   2.429821e+04    +3.463122e-03
   2.429923e+04    +5.240272e-03
   2.430013e+04    +5.895564e-03
   2.430105e+04    +5.539120e-03
   2.430207e+04    +5.539361e-03
   2.430295e+04    +6.517609e-03
   2.430393e+04    +6.449633e-03
   2.430487e+04    +6.814397e-03
   2.430584e+04    +7.613926e-03
   2.430680e+04    +8.907277e-03
   2.430781e+04    +6.495560e-03
   2.430864e+04    +7.623869e-03
   2.430964e+04    +8.402163e-03
   2.431055e+04    +8.288378e-03
   2.431147e+04    +1.014696e-02
   2.431241e+04    +9.469998e-03
   2.431339e+04    +1.116167e-02
   2.431430e+04    +1.098413e-02
   2.431529e+04    +1.109015e-02
   2.431624e+04    +1.236121e-02
   2.431714e+04    +1.245196e-02
   2.431815e+04    +1.281769e-02
   2.431903e+04    +1.412374e-02
   2.432000e+04    +1.467183e-02
   2.432090e+04    +1.571474e-02
   2.432181e+04    +1.566501e-02
   2.432279e+04    +1.646870e-02
   2.432380e+04    +2.023305e-02
   2.432475e+04    +1.795878e-02
   2.432571e+04    +1.993575e-02
   2.432665e+04    +2.293277e-02
   2.432762e+04    +2.293902e-02
   2.432853e+04    +2.561362e-02
   2.432943e+04    +2.584785e-02
   2.433040e+04    +2.665687e-02
   2.433137e+04    +2.903277e-02
   2.433232e+04    +3.009233e-02
   2.433329e+04    +3.376902e-02
   2.433424e+04    +3.571045e-02
   2.433520e+04    +3.807980e-02
   2.433613e+04    +3.903926e-02
   2.433706e+04    +4.255728e-02
   2.433803e+04    +4.851349e-02
   2.433898e+04    +5.072557e-02
   2.433992e+04    +5.513379e-02
   2.434085e+04    +6.080915e-02
   2.434173e+04    +6.548678e-02
   2.434274e+04    +7.360699e-02
   2.434372e+04    +8.064232e-02
   2.434461e+04    +8.959107e-02
   2.434555e+04    +1.033862e-01
   2.434659e+04    +1.170917e-01
   2.434745e+04    +1.348312e-01
   2.434837e+04    +1.576155e-01
   2.434939e+04    +1.855811e-01
   2.435031e+04    +2.172793e-01
   2.435131e+04    +2.550378e-01
   2.435228e+04    +3.065146e-01
   2.435321e+04    +3.615235e-01
   2.435424e+04    +4.170571e-01
   2.435519e+04    +4.698112e-01
   2.435616e+04    +5.184606e-01
   2.435711e+04    +5.653430e-01
   2.435806e+04    +6.031502e-01
   2.435907e+04    +6.541686e-01
   2.435998e+04    +7.138842e-01
   2.436097e+04    +7.738306e-01
   2.436190e+04    +8.427365e-01
   2.436284e+04    +9.099043e-01
   2.436380e+04    +9.778669e-01
   2.436476e+04    +1.045955e+00
   2.436578e+04    +1.079735e+00
   2.436668e+04    +1.115347e+00
   2.436766e+04    +1.127541e+00
   2.436859e+04    +1.131126e+00
   2.436954e+04    +1.127726e+00
   2.437046e+04    +1.115960e+00
   2.437139e+04    +1.113714e+00
   2.437234e+04    +1.103684e+00
   2.437330e+04    +1.104036e+00
   2.437426e+04    +1.098223e+00
   2.437516e+04    +1.094014e+00
   2.437613e+04    +1.088862e+00
   2.437708e+04    +1.084964e+00
   2.437802e+04    +1.073997e+00
   2.437901e+04    +1.069055e+00
   2.437991e+04    +1.063233e+00
   2.438083e+04    +1.051795e+00
   2.438181e+04    +1.042143e+00
   2.438281e+04    +1.031601e+00
   2.438372e+04    +1.017001e+00
   2.438472e+04    +1.009934e+00
   2.438570e+04    +9.905478e-01
   2.438661e+04    +9.752997e-01
   2.438761e+04    +9.625657e-01
   2.438856e+04    +9.564251e-01
   2.438952e+04    +9.470765e-01
   2.439052e+04    +9.388920e-01
   2.439152e+04    +9.305257e-01
   2.439251e+04    +9.318266e-01
   2.439349e+04    +9.227915e-01
   2.439449e+04    +9.219883e-01
   2.439545e+04    +9.224443e-01
   2.439645e+04    +9.188369e-01
   2.439740e+04    +9.145075e-01
   2.439843e+04    +9.239947e-01
   2.439934e+04    +9.203092e-01
   2.440033e+04    +9.205333e-01
   2.440131e+04    +9.248411e-01
   2.440224e+04    +9.308613e-01
   2.440324e+04    +9.337506e-01
   2.440421e+04    +9.344863e-01
   2.440521e+04    +9.315459e-01
   2.440614e+04    +9.383349e-01
   2.440716e+04    +9.452702e-01
   2.440806e+04    +9.504127e-01
   2.440897e+04    +9.592288e-01
   2.441000e+04    +9.566228e-01
   2.441092e+04    +9.722051e-01
   2.441189e+04    +9.812329e-01
   2.441288e+04    +9.849631e-01
   2.441386e+04    +9.926509e-01
   2.441477e+04    +9.979073e-01
   2.441577e+04    +1.004263e+00
   2.441678e+04    +1.006862e+00
   2.441773e+04    +1.020229e+00
   2.441867e+04    +1.024843e+00
   2.441969e+04    +1.032495e+00
   2.442066e+04    +1.035646e+00
   2.442160e+04    +1.035653e+00
   2.442253e+04    +1.047041e+00
   2.442356e+04    +1.048410e+00
   2.442454e+04    +1.054163e+00
   2.442550e+04    +1.056974e+00
   2.442641e+04    +1.064800e+00
   2.442738e+04    +1.067053e+00
   2.442841e+04    +1.061691e+00
   2.442929e+04    +1.055442e+00
   2.443024e+04    +1.054658e+00
   2.443120e+04    +1.044558e+00
   2.443218e+04    +1.053438e+00
   2.443315e+04    +1.050586e+00
   2.443407e+04    +1.042807e+00
   2.443507e+04    +1.040076e+00
   2.443605e+04    +1.026722e+00
   2.443698e+04    +1.032857e+00
   2.443796e+04    +1.029803e+00
   2.443890e+04    +1.027539e+00
   2.443983e+04    +1.025373e+00
   2.444082e+04    +1.032451e+00
   2.444175e+04    +1.024223e+00
   2.444275e+04    +1.027914e+00
   2.444369e+04    +1.024479e+00
   2.444469e+04    +1.028073e+00
   2.444565e+04    +1.026530e+00
   2.444664e+04    +1.027439e+00
   2.444759e+04    +1.028219e+00
   2.444863e+04    +1.021511e+00
   2.444957e+04    +1.024670e+00
   2.445053e+04    +1.018956e+00
   2.445157e+04    +1.026967e+00
   2.445246e+04    +1.025185e+00
   2.445347e+04    +1.021459e+00
   2.445442e+04    +1.026862e+00
   2.445535e+04    +1.016887e+00
   2.445638e+04    +1.017716e+00
   2.445741e+04    +1.009558e+00
   2.445840e+04    +1.000772e+00
   2.445936e+04    +1.002074e+00
   2.446033e+04    +9.988244e-01
   2.446131e+04    +9.987683e-01
   2.446228e+04    +9.943696e-01
   2.446325e+04    +9.971085e-01
   2.446417e+04    +9.938019e-01
   2.446514e+04    +9.967921e-01
   2.446613e+04    +9.978915e-01
   2.446710e+04    +9.928063e-01
   2.446810e+04    +9.952920e-01
   2.446905e+04    +9.896226e-01
   2.446999e+04    +9.940266e-01
   2.447102e+04    +9.862221e-01
   2.447200e+04    +9.913767e-01
   2.447293e+04    +9.853853e-01
   2.447394e+04    +9.856248e-01
   2.447487e+04    +9.871000e-01
   2.447581e+04    +9.827849e-01
   2.447682e+04    +9.815487e-01
   2.447781e+04    +9.850358e-01
   2.447877e+04    +9.885275e-01
   2.447978e+04    +9.880584e-01
   2.448075e+04    +9.865513e-01
   2.448172e+04    +9.821793e-01
   2.448270e+04    +9.900390e-01
   2.448368e+04    +9.897907e-01
   2.448465e+04    +9.921647e-01
   2.448563e+04    +9.912372e-01
   2.448661e+04    +9.960510e-01
   2.448761e+04    +9.990459e-01
   2.448859e+04    +9.978360e-01
   2.448953e+04    +9.992239e-01
   2.449051e+04    +1.005940e+00
   2.449153e+04    +1.005867e+00
   2.449244e+04    +1.008570e+00
   2.449340e+04    +1.014893e+00
   2.449440e+04    +1.016241e+00
   2.449545e+04    +1.014795e+00
   2.449633e+04    +1.017975e+00
   2.449731e+04    +1.020599e+00
   2.449832e+04    +1.025847e+00
   2.449929e+04    +1.018345e+00
   2.450026e+04    +1.020547e+00
   2.450122e+04    +1.019277e+00
   2.450218e+04    +1.024031e+00
   2.450312e+04    +1.026287e+00
   2.450414e+04    +1.025541e+00
   2.450508e+04    +1.022020e+00
   2.450608e+04    +1.019851e+00
   2.450707e+04    +1.022312e+00
   2.450801e+04    +1.026785e+00
   2.450902e+04    +1.021542e+00
   2.450996e+04    +1.019094e+00
   2.451099e+04    +1.023165e+00
   2.451189e+04    +1.020945e+00
   2.451284e+04    +1.017748e+00
   2.451383e+04    +1.023801e+00
   2.451482e+04    +1.021508e+00
   2.451578e+04    +1.022345e+00
   2.451678e+04    +1.024415e+00
   2.451767e+04    +1.021098e+00
   2.451873e+04    +1.020811e+00
   2.451965e+04    +1.021385e+00
   2.452061e+04    +1.024936e+00
   2.452161e+04    +1.018304e+00
   2.452255e+04    +1.022845e+00
   2.452354e+04    +1.018892e+00
   2.452454e+04    +1.020187e+00
   2.452555e+04    +1.022269e+00
   2.452654e+04    +1.020742e+00
   2.452753e+04    +1.018278e+00
   2.452850e+04    +1.019508e+00
   2.452945e+04    +1.014538e+00
   2.453048e+04    +1.013971e+00
   2.453139e+04    +1.013796e+00
   2.453243e+04    +1.011234e+00
   2.453341e+04    +1.022948e+00
   2.453435e+04    +1.013359e+00
   2.453538e+04    +1.012616e+00
   2.453633e+04    +1.007884e+00
   2.453731e+04    +1.013417e+00
   2.453827e+04    +1.019473e+00
   2.453927e+04    +1.013163e+00
   2.454028e+04    +1.016356e+00
   2.454124e+04    +1.015020e+00
   2.454223e+04    +1.012726e+00
   2.454316e+04    +1.014417e+00
   2.454412e+04    +1.011035e+00
   2.454514e+04    +1.015612e+00
   2.454612e+04    +1.011060e+00
   2.454713e+04    +1.012733e+00
   2.454807e+04    +1.016091e+00
   2.454904e+04    +1.015158e+00
   2.455001e+04    +1.011952e+00
   2.455099e+04    +1.016446e+00
   2.455199e+04    +1.017071e+00
   2.455294e+04    +1.015839e+00
   2.455389e+04    +1.014319e+00
   2.455488e+04    +1.013989e+00
   2.455593e+04    +1.009676e+00
   2.455694e+04    +1.006636e+00
   2.455795e+04    +1.012839e+00
   2.455888e+04    +1.013747e+00
   2.455990e+04    +1.005411e+00
   2.456084e+04    +1.012045e+00
   2.456189e+04    +1.006559e+00
   2.456282e+04    +1.006745e+00
   2.456384e+04    +1.000917e+00
   2.456481e+04    +1.005902e+00
   2.456573e+04    +1.006583e+00
   2.456672e+04    +1.002418e+00
   2.456774e+04    +9.998637e-01
   2.456876e+04    +9.950801e-01
   2.456970e+04    +9.989569e-01
   2.457065e+04    +9.925568e-01
   2.457166e+04    +9.896618e-01
   2.457265e+04    +9.893124e-01
   2.457358e+04    +9.870260e-01
   2.457455e+04    +9.859777e-01
   2.457548e+04    +9.850734e-01
   2.457644e+04    +9.829719e-01
   2.457746e+04    +9.889897e-01
   2.457845e+04    +9.770144e-01
   2.457939e+04    +9.811931e-01
   2.458035e+04    +9.813596e-01
   2.458136e+04    +9.802100e-01
   2.458229e+04    +9.857488e-01
   2.458331e+04    +9.771714e-01
   2.458425e+04    +9.851315e-01
   2.458522e+04    +9.842923e-01
   2.458622e+04    +9.814985e-01
   2.458715e+04    +9.815684e-01
   2.458815e+04    +9.868439e-01
   2.458913e+04    +9.853618e-01
   2.459005e+04    +9.881328e-01
   2.459105e+04    +9.896966e-01
   2.459212e+04    +9.833551e-01
   2.459317e+04    +9.883921e-01
   2.459411e+04    +9.942399e-01
   2.459507e+04    +9.972621e-01
   2.459605e+04    +9.983368e-01
   2.459700e+04    +9.983799e-01
   2.459805e+04    +9.979520e-01
   2.459900e+04    +9.968554e-01
   2.459991e+04    +9.975024e-01
   2.460092e+04    +1.007169e+00
   2.460193e+04    +1.006053e+00
   2.460291e+04    +1.006825e+00
   2.460385e+04    +1.001347e+00
   2.460479e+04    +1.005938e+00
   2.460581e+04    +1.003948e+00
   2.460679e+04    +1.015490e+00
   2.460770e+04    +1.009337e+00
   2.460873e+04    +1.007012e+00
   2.460966e+04    +1.016790e+00
   2.461059e+04    +1.014759e+00
   2.461162e+04    +1.011331e+00
   2.461253e+04    +1.014407e+00
   2.461351e+04    +1.014065e+00
   2.461453e+04    +1.018985e+00
   2.461546e+04    +1.009766e+00
   2.461650e+04    +1.012877e+00
   2.461745e+04    +1.015512e+00
   2.461839e+04    +1.011847e+00
   2.461940e+04    +1.013862e+00
   2.462034e+04    +1.016726e+00
   2.462133e+04    +1.012719e+00
   2.462234e+04    +1.014020e+00
   2.462329e+04    +1.013377e+00
   2.462431e+04    +1.012936e+00
   2.462533e+04    +1.008802e+00
   2.462627e+04    +1.005692e+00
   2.462725e+04    +1.005997e+00
   2.462821e+04    +1.007730e+00
   2.462924e+04    +1.006119e+00
   2.463024e+04    +1.007714e+00
   2.463118e+04    +1.011045e+00
   2.463212e+04    +1.007915e+00
   2.463310e+04    +1.002030e+00
   2.463404e+04    +1.003146e+00
   2.463500e+04    +1.003272e+00
   2.463604e+04    +1.006865e+00
   2.463702e+04    +9.947306e-01
   2.463797e+04    +9.962927e-01
   2.463895e+04    +9.997756e-01
   2.463991e+04    +1.001592e+00
   2.464089e+04    +9.951181e-01
   2.464184e+04    +9.957926e-01
   2.464283e+04    +9.943327e-01
   2.464380e+04    +9.969787e-01
   2.464477e+04    +9.942048e-01
   2.464577e+04    +9.928992e-01
   2.464671e+04    +9.909781e-01
   2.464771e+04    +9.939000e-01
   2.464862e+04    +9.919339e-01
   2.464963e+04    +9.929421e-01
   2.465060e+04    +9.876007e-01
   2.465154e+04    +9.924959e-01
   2.465256e+04    +9.925972e-01
   2.465353e+04    +9.899226e-01
   2.465450e+04    +9.904015e-01
   2.465550e+04    +9.956463e-01
   2.465644e+04    +9.911715e-01
   2.465743e+04    +9.885923e-01
   2.465843e+04    +9.939439e-01
   2.465942e+04    +9.911070e-01
   2.466040e+04    +9.899514e-01
   2.466142e+04    +9.946378e-01
   2.466236e+04    +9.939272e-01
   2.466338e+04    +9.926963e-01
   2.466434e+04    +9.894300e-01
   2.466527e+04    +9.912832e-01
   2.466632e+04    +9.965797e-01
   2.466730e+04    +9.930124e-01
   2.466821e+04    +9.970617e-01
   2.466921e+04    +9.970198e-01
   2.467017e+04    +9.973626e-01
   2.467113e+04    +9.927534e-01
   2.467205e+04    +9.957010e-01
   2.467302e+04    +9.981165e-01
   2.467396e+04    +9.984431e-01
   2.467494e+04    +1.000853e+00
   2.467597e+04    +9.953834e-01
   2.467691e+04    +9.982446e-01
   2.467787e+04    +9.956663e-01
   2.467885e+04    +9.996033e-01
   2.467981e+04    +1.000999e+00
   2.468081e+04    +9.973955e-01
   2.468169e+04    +9.957426e-01
   2.468269e+04    +9.974471e-01
   2.468362e+04    +9.960848e-01
   2.468459e+04    +9.936496e-01
   2.468555e+04    +9.913190e-01
   2.468659e+04    +1.002749e+00
   2.468755e+04    +1.003798e+00
   2.468855e+04    +1.000926e+00
   2.468949e+04    +9.964962e-01
   2.469051e+04    +1.000504e+00
   2.469152e+04    +9.952654e-01
   2.469254e+04    +1.001115e+00
   2.469343e+04    +9.964850e-01
   2.469444e+04    +1.001843e+00
   2.469546e+04    +9.949449e-01
   2.469637e+04    +9.979149e-01
   2.469735e+04    +1.000201e+00
   2.469829e+04    +9.964787e-01
   2.469930e+04    +9.955198e-01
   2.470026e+04    +9.917245e-01
   2.470126e+04    +9.941461e-01
   2.470219e+04    +9.942036e-01
   2.470311e+04    +9.958721e-01
   2.470410e+04    +9.966549e-01
   2.470508e+04    +9.927730e-01
   2.470602e+04    +9.936294e-01
   2.470699e+04    +9.943777e-01
   2.470795e+04    +9.901085e-01
   2.470892e+04    +9.931769e-01
   2.470997e+04    +9.893918e-01
   2.471087e+04    +9.908474e-01
   2.471183e+04    +9.885414e-01
   2.471282e+04    +9.882234e-01
   2.471376e+04    +9.844809e-01
   2.471476e+04    +9.930175e-01
   2.471573e+04    +9.878485e-01
   2.471672e+04    +9.879740e-01
   2.471764e+04    +9.899904e-01
   2.471864e+04    +9.863226e-01
   2.471956e+04    +9.921627e-01
   2.472057e+04    +9.866510e-01
   2.472153e+04    +9.814077e-01
   2.472245e+04    +9.845550e-01
   2.472344e+04    +9.899996e-01
   2.472439e+04    +9.874908e-01
   2.472537e+04    +9.842832e-01
   2.472637e+04    +9.844037e-01
   2.472736e+04    +9.897528e-01
   2.472835e+04    +9.871892e-01
   2.472932e+04    +9.907247e-01
   2.473031e+04    +9.943214e-01
   2.473122e+04    +9.873427e-01
   2.473221e+04    +9.906325e-01
   2.473315e+04    +9.902991e-01
   2.473419e+04    +9.878470e-01
   2.473516e+04    +9.866576e-01
   2.473617e+04    +9.845665e-01
   2.473711e+04    +9.915291e-01
   2.473805e+04    +9.907795e-01
   2.473904e+04    +9.892564e-01
   2.474007e+04    +9.947100e-01
   2.474102e+04    +9.927056e-01
   2.474197e+04    +9.896069e-01
   2.474295e+04    +9.954759e-01
   2.474396e+04    +9.949682e-01
   2.474487e+04    +9.909732e-01
   2.474591e+04    +9.937440e-01
   2.474685e+04    +9.975679e-01
   2.474786e+04    +1.000361e+00
   2.474880e+04    +9.980588e-01
   2.474988e+04    +9.999652e-01
   2.475080e+04    +9.955874e-01
   2.475181e+04    +9.998879e-01
   2.475281e+04    +9.991119e-01
   2.475380e+04    +9.981992e-01
   2.475481e+04    +1.001595e+00
   2.475579e+04    +1.000271e+00
   2.475671e+04    +9.965588e-01
   2.475772e+04    +9.947724e-01
   2.475872e+04    +9.992869e-01
   2.475981e+04    +1.001128e+00
   2.476074e+04    +1.003877e+00
   2.476175e+04    +9.988992e-01
   2.476273e+04    +1.004843e+00
   2.476366e+04    +1.001678e+00
   2.476468e+04    +1.004197e+00
   2.476563e+04    +1.001447e+00
   2.476660e+04    +1.002569e+00
   2.476765e+04    +1.002574e+00
   2.476854e+04    +1.002539e+00
   2.476959e+04    +9.994666e-01
   2.477063e+04    +1.005905e+00
   2.477154e+04    +9.958557e-01
   2.477260e+04    +1.003470e+00
   2.477347e+04    +9.974106e-01
   2.477452e+04    +1.001468e+00
   2.477547e+04    +9.939175e-01
   2.477647e+04    +9.966778e-01
   2.477751e+04    +9.995779e-01
   2.477844e+04    +9.978025e-01
   2.477940e+04    +1.000954e+00
   2.478033e+04    +9.956634e-01
   2.478138e+04    +1.000825e+00
   2.478242e+04    +1.000684e+00
   2.478337e+04    +1.000327e+00
   2.478431e+04    +1.006373e+00
   2.478531e+04    +9.922909e-01
   2.478629e+04    +9.998346e-01
   2.478730e+04    +1.001869e+00
   2.478823e+04    +9.954714e-01
   2.478930e+04    +9.964437e-01
   2.479021e+04    +1.001210e+00
   2.479122e+04    +9.989203e-01
   2.479223e+04    +9.956112e-01
   2.479324e+04    +9.944898e-01
   2.479422e+04    +9.946187e-01
   2.479523e+04    +9.915901e-01
   2.479624e+04    +9.913863e-01
   2.479722e+04    +1.004384e+00
   2.479819e+04    +1.000101e+00
   2.479926e+04    +1.000079e+00
   2.480024e+04    +9.965811e-01
   2.480122e+04    +9.988700e-01
   2.480219e+04    +9.922469e-01
   2.480322e+04    +9.892411e-01
   2.480418e+04    +9.995223e-01
   2.480517e+04    +9.939314e-01
   2.480620e+04    +9.958680e-01
   2.480722e+04    +9.915449e-01
   2.480815e+04    +9.915256e-01
   2.480917e+04    +9.972034e-01
   2.481018e+04    +9.923424e-01
   2.481118e+04    +9.945488e-01
   2.481220e+04    +9.933133e-01
   2.481314e+04    +9.934522e-01
   2.481419e+04    +9.955636e-01
   2.481514e+04    +9.941053e-01
   2.481619e+04    +9.906788e-01
   2.481714e+04    +9.892663e-01
   2.481816e+04    +9.930846e-01
   2.481914e+04    +9.905396e-01
   2.482014e+04    +9.954339e-01
   2.482121e+04    +9.941071e-01
   2.482214e+04    +9.993876e-01
   2.482315e+04    +9.949471e-01
   2.482413e+04    +9.916712e-01
   2.482524e+04    +9.917503e-01
   2.482617e+04    +9.999807e-01
   2.482716e+04    +9.974670e-01
   2.482824e+04    +9.965869e-01
   2.482922e+04    +9.999244e-01
   2.483027e+04    +9.968431e-01
   2.483126e+04    +9.994450e-01
   2.483225e+04    +9.938874e-01
   2.483331e+04    +9.909342e-01
   2.483428e+04    +9.911597e-01
   2.483520e+04    +9.933643e-01
   2.483630e+04    +9.923729e-01
   2.483727e+04    +1.001287e+00
   2.483832e+04    +9.970601e-01
   2.483934e+04    +9.975973e-01
   2.484035e+04    +9.956443e-01
   2.484136e+04    +9.996479e-01
   2.484235e+04    +9.934879e-01
   2.484333e+04    +9.973016e-01
   2.484435e+04    +9.953718e-01
   2.484538e+04    +1.002202e+00
   2.484637e+04    +9.950972e-01
   2.484738e+04    +9.983803e-01
   2.484843e+04    +9.928198e-01
   2.484940e+04    +9.965368e-01
   2.485035e+04    +9.934033e-01
   2.485130e+04    +9.979536e-01
   2.485246e+04    +9.983751e-01
   2.485340e+04    +9.977030e-01
   2.485437e+04    +9.943563e-01
   2.485540e+04    +1.000884e+00
   2.485644e+04    +9.951956e-01
   2.485744e+04    +9.934637e-01
   2.485840e+04    +9.962626e-01
   2.485944e+04    +9.942059e-01
   2.486043e+04    +9.967102e-01
   2.486146e+04    +9.933618e-01
   2.486244e+04    +9.960703e-01
   2.486347e+04    +9.980980e-01
   2.486455e+04    +1.001699e+00
   2.486560e+04    +9.944639e-01
   2.486659e+04    +9.953677e-01
   2.486763e+04    +9.973521e-01
   2.486866e+04    +9.937882e-01
   2.486966e+04    +9.968058e-01
   2.487067e+04    +9.976393e-01
   2.487171e+04    +9.983977e-01
   2.487272e+04    +9.922122e-01
   2.487373e+04    +9.981248e-01
   2.487476e+04    +1.000372e+00
   2.487580e+04    +9.978327e-01
   2.487677e+04    +9.981698e-01
   2.487777e+04    +1.000720e+00
   2.487880e+04    +1.001599e+00
   2.487979e+04    +1.005431e+00
   2.488081e+04    +1.002032e+00
   2.488183e+04    +9.972605e-01
   2.488277e+04    +9.937603e-01
   2.488374e+04    +9.969177e-01
   2.488478e+04    +9.943380e-01
   2.488575e+04    +9.962965e-01
   2.488678e+04    +1.005671e+00
   2.488785e+04    +1.000519e+00
   2.488882e+04    +9.979390e-01
   2.488975e+04    +1.001538e+00
   2.489084e+04    +9.957864e-01
   2.489181e+04    +9.920561e-01
   2.489290e+04    +9.984433e-01
   2.489386e+04    +9.977596e-01
   2.489490e+04    +9.937564e-01
   2.489602e+04    +9.972701e-01
   2.489699e+04    +9.967432e-01
   2.489806e+04    +1.001914e+00
   2.489900e+04    +9.944138e-01
   2.490009e+04    +9.887556e-01
   2.490107e+04    +9.980020e-01
   2.490215e+04    +9.955403e-01
   2.490314e+04    +1.005893e+00
   2.490420e+04    +1.000595e+00
   2.490520e+04    +1.001493e+00
   2.490621e+04    +9.989168e-01
   2.490722e+04    +9.940322e-01
   2.490824e+04    +1.002626e+00
   2.490927e+04    +9.970006e-01
   2.491037e+04    +9.969233e-01
   2.491133e+04    +9.936175e-01
   2.491235e+04    +9.911899e-01
   2.491336e+04    +9.918889e-01
   2.491439e+04    +9.963992e-01
   2.491533e+04    +1.000808e+00
   2.491640e+04    +9.937750e-01
   2.491743e+04    +9.936770e-01
   2.491839e+04    +9.965073e-01
   2.491948e+04    +9.982752e-01
   2.492047e+04    +9.970117e-01
   2.492141e+04    +9.933114e-01
   2.492252e+04    +1.000863e+00
   2.492350e+04    +1.000531e+00
   2.492457e+04    +1.002383e+00
   2.492552e+04    +1.000345e+00
   2.492656e+04    +1.002780e+00
   2.492759e+04    +1.000179e+00
   2.492865e+04    +1.002280e+00
   2.492970e+04    +9.960727e-01
   2.493064e+04    +9.992926e-01
   2.493168e+04    +9.960531e-01
   2.493277e+04    +1.003023e+00
   2.493381e+04    +9.994981e-01
   2.493480e+04    +9.970150e-01
   2.493589e+04    +1.000297e+00
   2.493692e+04    +9.972183e-01
   2.493794e+04    +9.988297e-01
   2.493897e+04    +9.996267e-01
   2.493998e+04    +9.995486e-01
   2.494101e+04    +1.003247e+00
   2.494197e+04    +9.960217e-01
   2.494298e+04    +9.997979e-01
   2.494407e+04    +9.978589e-01
   2.494507e+04    +1.002331e+00
   2.494614e+04    +9.985301e-01
   2.494711e+04    +9.996232e-01
   2.494808e+04    +1.000675e+00
   2.494918e+04    +9.987521e-01
   2.495014e+04    +9.986164e-01
   2.495119e+04    +1.003547e+00
   2.495222e+04    +9.953043e-01
   2.495320e+04    +9.908727e-01
   2.495422e+04    +9.934100e-01
   2.495522e+04    +9.999106e-01
   2.495632e+04    +1.001571e+00
   2.495727e+04    +9.974585e-01
   2.495832e+04    +9.947198e-01
   2.495929e+04    +1.005226e+00
   2.496035e+04    +9.977802e-01
   2.496140e+04    +1.002402e+00
   2.496241e+04    +9.989607e-01
   2.496338e+04    +1.000605e+00
   2.496445e+04    +9.985830e-01
   2.496547e+04    +1.002045e+00
   2.496656e+04    +9.980931e-01
   2.496752e+04    +9.987232e-01
   2.496858e+04    +9.997311e-01
   2.496961e+04    +9.985100e-01
   2.497062e+04    +1.000719e+00
   2.497166e+04    +9.937401e-01
   2.497267e+04    +9.990932e-01
   2.497370e+04    +1.000669e+00
   2.497469e+04    +1.001998e+00
   2.497577e+04    +1.002165e+00
   2.497672e+04    +9.987764e-01
   2.497779e+04    +1.001315e+00
   2.497882e+04    +9.936577e-01
   2.497988e+04    +1.001149e+00
   2.498090e+04    +9.980679e-01
   2.498184e+04    +1.005957e+00
   2.498290e+04    +9.992787e-01
   2.498380e+04    +1.004529e+00
   2.498487e+04    +9.974093e-01
   2.498592e+04    +1.001040e+00
   2.498697e+04    +9.999536e-01
   2.498797e+04    +1.001870e+00
   2.498890e+04    +9.972598e-01
   2.498995e+04    +9.945152e-01
   2.499095e+04    +1.002322e+00
   2.499197e+04    +1.002551e+00
   2.499302e+04    +1.000139e+00
   2.499398e+04    +9.946655e-01
   2.499508e+04    +1.006024e+00
   2.499606e+04    +1.003243e+00
   2.499708e+04    +1.002184e+00
   2.499813e+04    +9.979178e-01
   2.499913e+04    +9.988554e-01
   2.500009e+04    +9.981263e-01
   2.500115e+04    +1.006377e+00
   2.500214e+04    +1.004770e+00
   2.500318e+04    +9.993179e-01
   2.500417e+04    +1.002290e+00
   2.500524e+04    +1.002775e+00
   2.500624e+04    +9.986180e-01
   2.500729e+04    +1.002823e+00
   2.500829e+04    +9.982155e-01
   2.500932e+04    +9.951587e-01
   2.501035e+04    +1.001152e+00
   2.501131e+04    +1.000068e+00
   2.501233e+04    +1.000799e+00
   2.501335e+04    +9.998604e-01
   2.501434e+04    +9.998811e-01
   2.501534e+04    +9.989460e-01
   2.501632e+04    +9.960747e-01
   2.501739e+04    +9.978409e-01
   2.501840e+04    +9.949218e-01
   2.501944e+04    +9.916407e-01
   2.502043e+04    +1.002987e+00
   2.502148e+04    +1.004300e+00
   2.502240e+04    +1.002144e+00
   2.502340e+04    +9.987957e-01
   2.502442e+04    +1.006797e+00
   2.502541e+04    +1.001302e+00
   2.502642e+04    +1.006325e+00
   2.502748e+04    +9.941387e-01
   2.502852e+04    +9.952910e-01
   2.502948e+04    +1.000802e+00
   2.503050e+04    +9.982210e-01
   2.503152e+04    +9.937949e-01
   2.503258e+04    +1.004254e+00
   2.503362e+04    +1.001630e+00
   2.503464e+04    +9.996572e-01
   2.503553e+04    +1.001181e+00
   2.503661e+04    +9.962774e-01
   2.503766e+04    +1.004116e+00
   2.503869e+04    +9.945286e-01
   2.503974e+04    +1.004694e+00
   2.504073e+04    +9.972570e-01
   2.504182e+04    +9.978080e-01
   2.504276e+04    +1.004089e+00
   2.504378e+04    +9.984457e-01
   2.504475e+04    +1.005566e+00
   2.504577e+04    +1.002478e+00
   2.504684e+04    +1.003464e+00
   2.504780e+04    +9.960446e-01
   2.504882e+04    +1.002981e+00
   2.504987e+04    +1.000851e+00
   2.505088e+04    +9.946712e-01
   2.505188e+04    +9.990360e-01
   2.505291e+04    +9.956961e-01
   2.505387e+04    +1.008448e+00
   2.505495e+04    +9.949764e-01
   2.505595e+04    +9.978865e-01
   2.505698e+04    +1.007773e+00
   2.505800e+04    +1.001651e+00
   2.505902e+04    +1.001044e+00
   2.506008e+04    +1.001787e+00
   2.506114e+04    +1.003966e+00
   2.506215e+04    +9.981472e-01
   2.506312e+04    +9.953970e-01
   2.506415e+04    +9.988617e-01
   2.506515e+04    +1.000240e+00
   2.506620e+04    +9.989066e-01
   2.506725e+04    +1.001899e+00
   2.506830e+04    +1.006451e+00
   2.506930e+04    +9.983312e-01
   2.507029e+04    +1.000740e+00
   2.507134e+04    +1.003401e+00
   2.507237e+04    +1.001598e+00
   2.507338e+04    +1.006640e+00
   2.507450e+04    +1.001101e+00
   2.507550e+04    +1.002284e+00
   2.507648e+04    +1.002837e+00
   2.507753e+04    +9.997238e-01
   2.507856e+04    +1.004503e+00
   2.507960e+04    +1.001568e+00
   2.508064e+04    +1.005437e+00
   2.508163e+04    +1.000107e+00
   2.508264e+04    +1.005254e+00
   2.508376e+04    +9.980064e-01
   2.508474e+04    +1.003265e+00
   2.508578e+04    +1.000178e+00
   2.508683e+04    +1.001744e+00
   2.508783e+04    +1.007890e+00
   2.508891e+04    +9.939153e-01
   2.508991e+04    +1.002092e+00
   2.509094e+04    +1.009184e+00
   2.509194e+04    +1.000910e+00
   2.509299e+04    +1.002634e+00
   2.509396e+04    +1.002665e+00
   2.509502e+04    +1.002084e+00
   2.509609e+04    +1.006341e+00
   2.509708e+04    +9.973387e-01
   2.509809e+04    +1.003259e+00
   2.509913e+04    +1.002927e+00
   2.510015e+04    +1.005448e+00
   2.510119e+04    +9.996134e-01
   2.510221e+04    +1.004319e+00
   2.510321e+04    +1.001564e+00
   2.510426e+04    +1.002113e+00
   2.510534e+04    +1.004483e+00
   2.510634e+04    +1.000598e+00
   2.510737e+04    +1.004396e+00
   2.510838e+04    +1.001627e+00
   2.510944e+04    +1.006419e+00
   2.511049e+04    +1.004317e+00
   2.511151e+04    +1.008535e+00
   2.511250e+04    +1.006354e+00
   2.511353e+04    +1.005838e+00
   2.511454e+04    +1.007729e+00
   2.511565e+04    +1.005795e+00
   2.511662e+04    +1.004047e+00
   2.511762e+04    +1.003149e+00
   2.511876e+04    +1.001259e+00
   2.511978e+04    +1.007068e+00
   2.512079e+04    +1.006250e+00
   2.512190e+04    +1.004491e+00
   2.512288e+04    +9.981159e-01
   2.512388e+04    +1.005189e+00
   2.512489e+04    +1.000109e+00
   2.512593e+04    +1.003814e+00
   2.512699e+04    +1.001777e+00
   2.512801e+04    +1.001029e+00
   2.512895e+04    +1.000632e+00
   2.513001e+04    +1.001118e+00
   2.513102e+04    +1.006587e+00
   2.513206e+04    +1.000741e+00
   2.513313e+04    +1.005457e+00
   2.513410e+04    +1.002326e+00
   2.513512e+04    +9.961374e-01
   2.513619e+04    +1.000472e+00
   2.513721e+04    +1.007750e+00
   2.513822e+04    +1.005438e+00
   2.513924e+04    +1.008665e+00
   2.514032e+04    +1.007005e+00
   2.514136e+04    +1.002866e+00
   2.514232e+04    +1.005164e+00
   2.514336e+04    +1.003262e+00
   2.514439e+04    +1.006548e+00
   2.514544e+04    +1.008422e+00
   2.514653e+04    +1.003103e+00
   2.514758e+04    +1.008529e+00
   2.514860e+04    +1.005483e+00
   2.514965e+04    +1.000083e+00
   2.515070e+04    +1.000948e+00
   2.515178e+04    +1.000430e+00
   2.515281e+04    +1.006327e+00
   2.515384e+04    +1.001593e+00
   2.515493e+04    +1.005484e+00
   2.515586e+04    +1.001708e+00
   2.515697e+04    +9.967553e-01
   2.515802e+04    +1.000313e+00
   2.515909e+04    +1.009148e+00
   2.516007e+04    +1.004427e+00
   2.516111e+04    +1.001855e+00
   2.516213e+04    +1.008121e+00
   2.516318e+04    +1.001989e+00
   2.516429e+04    +1.007789e+00
   2.516526e+04    +9.988016e-01
   2.516631e+04    +9.999284e-01
   2.516733e+04    +1.001798e+00
   2.516840e+04    +1.007956e+00
   2.516946e+04    +1.001813e+00
   2.517047e+04    +9.999480e-01
   2.517153e+04    +1.001812e+00
   2.517255e+04    +1.002199e+00
   2.517359e+04    +1.001822e+00
   2.517466e+04    +9.952916e-01
   2.517575e+04    +1.001837e+00
   2.517675e+04    +9.996892e-01
   2.517779e+04    +9.947860e-01
   2.517893e+04    +9.991620e-01
   2.517988e+04    +1.002016e+00
   2.518092e+04    +9.993351e-01
   2.518202e+04    +1.002291e+00
   2.518308e+04    +1.003195e+00
   2.518403e+04    +1.001494e+00
   2.518512e+04    +1.001162e+00
   2.518612e+04    +1.001345e+00
   2.518723e+04    +1.000304e+00
   2.518822e+04    +1.003050e+00
   2.518921e+04    +1.000713e+00
   2.519025e+04    +1.002984e+00
   2.519128e+04    +1.001552e+00
   2.519231e+04    +1.001501e+00
   2.519335e+04    +1.003753e+00
   2.519441e+04    +1.000917e+00
   2.519537e+04    +1.002467e+00
   2.519644e+04    +9.997406e-01
   2.519744e+04    +1.002668e+00
   2.519855e+04    +1.002727e+00
   2.519953e+04    +9.998536e-01
   2.520057e+04    +1.006677e+00
   2.520155e+04    +1.000451e+00
   2.520265e+04    +9.956663e-01
   2.520371e+04    +1.004665e+00
   2.520477e+04    +1.003607e+00
   2.520584e+04    +9.998630e-01
   2.520677e+04    +1.009034e+00
   2.520787e+04    +9.998933e-01
   2.520887e+04    +1.006983e+00
   2.520992e+04    +1.000674e+00
   2.521093e+04    +1.005208e+00
   2.521202e+04    +1.001875e+00
   2.521301e+04    +1.004228e+00
   2.521402e+04    +1.005609e+00
   2.521512e+04    +1.005969e+00
   2.521616e+04    +1.003714e+00
   2.521716e+04    +1.000715e+00
   2.521824e+04    +1.000850e+00
   2.521930e+04    +1.007033e+00
   2.522036e+04    +1.000854e+00
   2.522136e+04    +1.003763e+00
   2.522238e+04    +1.002324e+00
   2.522347e+04    +1.008122e+00
   2.522447e+04    +1.004403e+00
   2.522556e+04    +1.008579e+00
   2.522656e+04    +1.003884e+00
   2.522767e+04    +1.003715e+00
   2.522862e+04    +1.001927e+00
   2.522969e+04    +1.005958e+00
   2.523070e+04    +1.001822e+00
   2.523173e+04    +1.003709e+00
   2.523275e+04    +1.002155e+00
   2.523373e+04    +9.989437e-01
   2.523486e+04    +9.988378e-01
   2.523583e+04    +9.976960e-01
   2.523694e+04    +1.006836e+00
   2.523788e+04    +1.003349e+00
   2.523895e+04    +1.005354e+00
   2.524004e+04    +1.003331e+00
   2.524103e+04    +1.000955e+00
   2.524209e+04    +1.000838e+00
   2.524319e+04    +1.008724e+00
   2.524421e+04    +9.968728e-01
   2.524528e+04    +1.004709e+00
   2.524624e+04    +1.001236e+00
   2.524736e+04    +9.992191e-01
   2.524837e+04    +1.000011e+00
   2.524937e+04    +1.007147e+00
   2.525040e+04    +1.007031e+00
   2.525150e+04    +1.004114e+00
   2.525252e+04    +9.977086e-01
   2.525361e+04    +9.996117e-01
   2.525457e+04    +1.010811e+00
   2.525566e+04    +1.006121e+00
   2.525668e+04    +1.004536e+00
   2.525772e+04    +1.005848e+00
   2.525877e+04    +1.002529e+00
   2.525976e+04    +1.002494e+00
   2.526078e+04    +9.995514e-01
   2.526181e+04    +9.965071e-01
   2.526286e+04    +9.995735e-01
   2.526392e+04    +1.002671e+00
   2.526488e+04    +1.003947e+00
   2.526593e+04    +9.991379e-01
   2.526692e+04    +1.000418e+00
   2.526791e+04    +1.004825e+00
   2.526895e+04    +1.002048e+00
   2.526995e+04    +9.999464e-01
   2.527108e+04    +1.006991e+00
   2.527209e+04    +9.987154e-01
   2.527311e+04    +1.005306e+00
   2.527411e+04    +1.007951e+00
   2.527518e+04    +1.005790e+00
   2.527617e+04    +1.005556e+00
   2.527710e+04    +1.002056e+00
   2.527819e+04    +9.956680e-01
   2.527923e+04    +1.001008e+00
   2.528021e+04    +1.003051e+00
   2.528128e+04    +1.003979e+00
   2.528230e+04    +1.005998e+00
   2.528336e+04    +1.007692e+00
   2.528431e+04    +1.001982e+00
   2.528532e+04    +1.002950e+00
   2.528631e+04    +9.991987e-01
   2.528740e+04    +1.007282e+00
   2.528837e+04    +1.002584e+00
   2.528945e+04    +9.990434e-01
   2.529046e+04    +1.004813e+00
   2.529146e+04    +9.976641e-01
   2.529247e+04    +1.000894e+00
   2.529350e+04    +9.991041e-01
   2.529457e+04    +1.000270e+00
   2.529552e+04    +9.995099e-01
   2.529660e+04    +9.968395e-01
   2.529754e+04    +1.004627e+00
   2.529864e+04    +1.000744e+00
   2.529967e+04    +1.004348e+00
   2.530067e+04    +9.999610e-01
   2.530168e+04    +1.004831e+00
   2.530269e+04    +1.001859e+00
   2.530365e+04    +1.003225e+00
   2.530466e+04    +9.947824e-01
   2.530570e+04    +1.006935e+00
   2.530676e+04    +1.006229e+00
   2.530779e+04    +9.972390e-01
   2.530875e+04    +1.007737e+00
   2.530981e+04    +1.000101e+00
   2.531074e+04    +9.954834e-01
   2.531179e+04    +9.928256e-01
   2.531285e+04    +9.995901e-01
   2.531393e+04    +1.005061e+00
   2.531486e+04    +9.969638e-01
   2.531592e+04    +9.955272e-01
   2.531692e+04    +1.004557e+00
   2.531788e+04    +1.000872e+00
   2.531900e+04    +1.002665e+00
   2.531999e+04    +1.002408e+00
   2.532103e+04    +9.971757e-01
   2.532203e+04    +9.959730e-01
   2.532306e+04    +1.007334e+00
   2.532409e+04    +1.001406e+00
   2.532517e+04    +1.003352e+00
   2.532616e+04    +1.004986e+00
   2.532719e+04    +1.000455e+00
   2.532818e+04    +9.983014e-01
   2.532917e+04    +1.007040e+00
   2.533019e+04    +9.983609e-01
   2.533128e+04    +1.001075e+00
   2.533225e+04    +9.973880e-01
   2.533329e+04    +9.948175e-01
   2.533427e+04    +1.001286e+00
   2.533522e+04    +1.000688e+00
   2.533631e+04    +1.004634e+00
   2.533727e+04    +9.968958e-01
   2.533830e+04    +1.000839e+00
   2.533936e+04    +9.989651e-01
   2.534036e+04    +1.004394e+00
   2.534135e+04    +1.003074e+00
   2.534239e+04    +9.988660e-01
   2.534331e+04    +1.003319e+00
   2.534446e+04    +9.983099e-01
   2.534542e+04    +9.995705e-01
   2.534641e+04    +1.001867e+00
   2.534748e+04    +9.916145e-01
   2.534850e+04    +1.005350e+00
   2.534948e+04    +1.004784e+00
   2.535050e+04    +9.973494e-01
   2.535146e+04    +9.999818e-01
   2.535246e+04    +1.003721e+00
   2.535353e+04    +1.005713e+00
   2.535454e+04    +9.965363e-01
   2.535557e+04    +9.948380e-01
   2.535656e+04    +9.963378e-01
   2.535761e+04    +1.002598e+00
   2.535862e+04    +1.001820e+00
   2.535968e+04    +1.001815e+00
   2.536071e+04    +1.000975e+00
   2.536170e+04    +9.959858e-01
   2.536277e+04    +9.969692e-01
   2.536382e+04    +9.999513e-01
   2.536488e+04    +9.916726e-01
   2.536583e+04    +9.986720e-01
   2.536688e+04    +1.001769e+00
   2.536795e+04    +1.000060e+00
   2.536899e+04    +9.995761e-01
   2.537006e+04    +9.959431e-01
   2.537110e+04    +9.957299e-01
   2.537211e+04    +9.993747e-01
   2.537317e+04    +9.973880e-01
   2.537426e+04    +9.973147e-01
   2.537527e+04    +1.004467e+00
   2.537635e+04    +9.953875e-01
   2.537734e+04    +1.000084e+00
   2.537834e+04    +1.000201e+00
   2.537932e+04    +1.000028e+00
   2.538041e+04    +1.004439e+00
   2.538141e+04    +1.000056e+00
   2.538244e+04    +9.978482e-01
   2.538350e+04    +9.974594e-01
   2.538450e+04    +1.003076e+00
   2.538554e+04    +9.956221e-01
   2.538657e+04    +1.001900e+00
   2.538760e+04    +9.992602e-01
   2.538865e+04    +9.930696e-01
   2.538970e+04    +9.994327e-01
   2.539072e+04    +9.982356e-01
   2.539183e+04    +9.961746e-01
   2.539286e+04    +9.958832e-01
   2.539388e+04    +9.984246e-01
   2.539494e+04    +9.980985e-01
   2.539598e+04    +9.997638e-01
   2.539706e+04    +9.961945e-01
   2.539802e+04    +9.939146e-01
   2.539912e+04    +9.979051e-01
   2.540015e+04    +9.931363e-01
   2.540122e+04    +9.954161e-01
   2.540215e+04    +9.920335e-01
   2.540329e+04    +9.944720e-01
   2.540426e+04    +9.910542e-01
   2.540534e+04    +9.977872e-01
   2.540641e+04    +9.942526e-01
   2.540745e+04    +9.988230e-01
   2.540852e+04    +9.940608e-01
   2.540951e+04    +1.002758e+00
   2.541058e+04    +9.979644e-01
   2.541162e+04    +9.939333e-01
   2.541264e+04    +9.961833e-01
   2.541375e+04    +9.918413e-01
   2.541474e+04    +9.953849e-01
   2.541578e+04    +9.958010e-01
   2.541685e+04    +9.923438e-01
   2.541787e+04    +9.959811e-01
   2.541891e+04    +9.938740e-01
   2.541998e+04    +9.954209e-01
   2.542098e+04    +9.968367e-01
   2.542206e+04    +9.969883e-01
   2.542310e+04    +9.993630e-01
   2.542416e+04    +9.989710e-01
   2.542520e+04    +9.925504e-01
   2.542621e+04    +1.001724e+00
   2.542725e+04    +9.918893e-01
   2.542834e+04    +9.973198e-01
   2.542939e+04    +9.899581e-01
   2.543046e+04    +9.932279e-01
   2.543153e+04    +9.940349e-01
   2.543261e+04    +9.933298e-01
   2.543369e+04    +9.963960e-01
   2.543475e+04    +9.979316e-01
   2.543578e+04    +9.946182e-01
   2.543683e+04    +9.937149e-01
   2.543791e+04    +9.985222e-01
   2.543897e+04    +9.901858e-01
   2.544005e+04    +9.955625e-01
   2.544108e+04    +9.913795e-01
   2.544223e+04    +9.963143e-01
   2.544320e+04    +9.988439e-01
   2.544431e+04    +1.000973e+00
