#S 1
#D #D Sat Nov 2 15:25:30 2024
#U blowerT 25.0
#V signal fl
#V reference tr
#V E0 24353.538239071648
#V refE0 24350.0
#V blowerT 25.0
#V J0 165668859985.5537
#L E               x
   2.420028e+04    -9.989508e-01
   2.420118e+04    -9.998714e-01
   2.420214e+04    -9.983414e-01
   2.420307e+04    -1.000104e+00
   2.420400e+04    -1.000282e+00
   2.420497e+04    -1.000011e+00
   2.420595e+04    -1.000332e+00
   2.420686e+04    -9.994855e-01
   2.420774e+04    -9.993551e-01
   2.420870e+04    -9.991046e-01
   2.420958e+04    -1.000520e+00
   2.421058e+04    -9.993718e-01
   2.421147e+04    -9.992322e-01
   2.421235e+04    -9.993371e-01
   2.421330e+04    -1.000208e+00
   2.421421e+04    -9.995926e-01
   2.421517e+04    -9.997050e-01
   2.421608e+04    -1.000165e+00
   2.421697e+04    -9.998938e-01
   2.421791e+04    -9.999791e-01
   2.421888e+04    -1.000190e+00
   2.421974e+04    -9.997235e-01
   2.422074e+04    -9.989452e-01
   2.422165e+04    -1.000007e+00
   2.422252e+04    -1.000167e+00
   2.422344e+04    -9.997470e-01
   2.422439e+04    -1.000390e+00
   2.422532e+04    -9.999581e-01
   2.422627e+04    -1.001015e+00
   2.422724e+04    -9.997504e-01
   2.422816e+04    -9.995211e-01
   2.422905e+04    -1.000308e+00
   2.422994e+04    -1.000384e+00
   2.423088e+04    -1.000907e+00
   2.423180e+04    -1.000624e+00
   2.423273e+04    -1.000910e+00
   2.423364e+04    -9.995599e-01
   2.423455e+04    -9.998522e-01
   2.423547e+04    -1.000853e+00
   2.423642e+04    -1.000418e+00
   2.423735e+04    -1.001105e+00
   2.423830e+04    -1.001197e+00
   2.423925e+04    -1.000733e+00
   2.424011e+04    -1.000258e+00
   2.424107e+04    -1.000514e+00
   2.424202e+04    -1.000318e+00
   2.424299e+04    -1.000614e+00
   2.424391e+04    -1.001534e+00
   2.424480e+04    -1.000895e+00
   2.424572e+04    -1.000208e+00
   2.424664e+04    -1.000282e+00
   2.424754e+04    -1.000584e+00
   2.424855e+04    -1.000938e+00
   2.424943e+04    -9.999817e-01
   2.425037e+04    -9.997544e-01
   2.425132e+04    -9.998582e-01
   2.425220e+04    -1.001186e+00
   2.425316e+04    -9.991511e-01
   2.425406e+04    -1.001016e+00
   2.425504e+04    -1.000578e+00
   2.425593e+04    -1.000004e+00
   2.425690e+04    -1.000248e+00
   2.425776e+04    -1.000568e+00
   2.425868e+04    -1.000041e+00
   2.425968e+04    -1.000000e+00
   2.426064e+04    -1.000120e+00
   2.426158e+04    -9.988957e-01
   2.426248e+04    -9.994029e-01
   2.426342e+04    -1.000189e+00
   2.426436e+04    -9.995998e-01
   2.426531e+04    -9.998311e-01
   2.426627e+04    -9.999349e-01
   2.426715e+04    -9.996840e-01
   2.426809e+04    -9.989405e-01
   2.426899e+04    -9.993949e-01
   2.426996e+04    -9.992367e-01
   2.427090e+04    -9.994722e-01
   2.427183e+04    -9.986916e-01
   2.427271e+04    -9.979678e-01
   2.427374e+04    -9.991702e-01
   2.427463e+04    -9.997701e-01
   2.427565e+04    -9.998838e-01
   2.427653e+04    -9.987002e-01
   2.427751e+04    -9.982481e-01
   2.427841e+04    -9.994056e-01
   2.427932e+04    -9.984694e-01
   2.428028e+04    -9.977169e-01
   2.428124e+04    -9.981669e-01
   2.428213e+04    -9.989921e-01
   2.428312e+04    -9.975614e-01
   2.428403e+04    -9.983121e-01
   2.428500e+04    -9.969958e-01
   2.428594e+04    -9.980470e-01
   2.428696e+04    -9.987905e-01
   2.428783e+04    -9.981096e-01
   2.428880e+04    -9.977447e-01
   2.428977e+04    -9.974799e-01
   2.429070e+04    -9.972835e-01
   2.429166e+04    -9.964596e-01
   2.429261e+04    -9.974214e-01
   2.429355e+04    -9.967578e-01
   2.429447e+04    -9.966333e-01
   2.429544e+04    -9.967496e-01
   2.429636e+04    -9.973592e-01
   2.429734e+04    -9.963941e-01
   2.429825e+04    -9.952823e-01
   2.429918e+04    -9.955546e-01
   2.430007e+04    -9.948423e-01
   2.430108e+04    -9.955325e-01
   2.430202e+04    -9.942596e-01
   2.430300e+04    -9.945062e-01
   2.430389e+04    -9.945363e-01
   2.430486e+04    -9.929421e-01
   2.430582e+04    -9.939110e-01
   2.430676e+04    -9.932246e-01
   2.430772e+04    -9.922149e-01
   2.430869e+04    -9.939592e-01
   2.430963e+04    -9.918530e-01
   2.431050e+04    -9.913404e-01
   2.431147e+04    -9.918930e-01
   2.431245e+04    -9.916664e-01
   2.431340e+04    -9.903801e-01
   2.431434e+04    -9.894642e-01
   2.431524e+04    -9.884680e-01
   2.431624e+04    -9.885770e-01
   2.431712e+04    -9.872994e-01
   2.431808e+04    -9.870367e-01
   2.431903e+04    -9.874773e-01
   2.431991e+04    -9.854534e-01
   2.432093e+04    -9.845568e-01
   2.432183e+04    -9.831403e-01
   2.432279e+04    -9.825941e-01
   2.432384e+04    -9.825859e-01
   2.432479e+04    -9.813482e-01
   2.432571e+04    -9.802934e-01
   2.432668e+04    -9.793231e-01
   2.432764e+04    -9.785339e-01
   2.432856e+04    -9.765445e-01
   2.432950e+04    -9.737631e-01
   2.433045e+04    -9.714770e-01
   2.433139e+04    -9.724449e-01
   2.433232e+04    -9.697608e-01
   2.433330e+04    -9.672694e-01
   2.433428e+04    -9.640178e-01
   2.433516e+04    -9.614084e-01
   2.433617e+04    -9.585986e-01
   2.433707e+04    -9.570822e-01
   2.433805e+04    -9.546223e-01
   2.433892e+04    -9.499710e-01
   2.433990e+04    -9.440699e-01
   2.434088e+04    -9.421040e-01
   2.434182e+04    -9.352479e-01
   2.434274e+04    -9.273544e-01
   2.434375e+04    -9.205247e-01
   2.434472e+04    -9.121014e-01
   2.434567e+04    -8.989983e-01
   2.434660e+04    -8.847508e-01
   2.434753e+04    -8.683948e-01
   2.434844e+04    -8.447014e-01
   2.434941e+04    -8.149452e-01
   2.435036e+04    -7.859615e-01
   2.435137e+04    -7.458235e-01
   2.435230e+04    -6.994839e-01
   2.435326e+04    -6.416612e-01
   2.435430e+04    -5.891699e-01
   2.435524e+04    -5.345515e-01
   2.435622e+04    -4.897679e-01
   2.435713e+04    -4.440596e-01
   2.435812e+04    -3.937551e-01
   2.435907e+04    -3.525801e-01
   2.436002e+04    -2.931338e-01
   2.436098e+04    -2.317513e-01
   2.436193e+04    -1.651404e-01
   2.436290e+04    -8.884109e-02
   2.436384e+04    -2.663362e-02
   2.436479e+04    +3.251055e-02
   2.436575e+04    +8.298568e-02
   2.436673e+04    +1.141418e-01
   2.436763e+04    +1.255296e-01
   2.436861e+04    +1.288230e-01
   2.436957e+04    +1.180922e-01
   2.437047e+04    +1.224253e-01
   2.437148e+04    +1.131194e-01
   2.437244e+04    +1.138354e-01
   2.437335e+04    +1.130105e-01
   2.437430e+04    +9.257979e-02
   2.437523e+04    +9.509976e-02
   2.437617e+04    +9.755633e-02
   2.437718e+04    +9.319017e-02
   2.437810e+04    +8.235681e-02
   2.437904e+04    +7.326961e-02
   2.438004e+04    +5.990309e-02
   2.438097e+04    +5.339006e-02
   2.438187e+04    +3.736799e-02
   2.438282e+04    +3.804839e-02
   2.438389e+04    +1.566409e-02
   2.438476e+04    +1.086495e-02
   2.438570e+04    -8.051882e-03
   2.438661e+04    -2.070404e-02
   2.438765e+04    -3.293130e-02
   2.438857e+04    -4.415072e-02
   2.438957e+04    -5.440698e-02
   2.439057e+04    -6.022086e-02
   2.439152e+04    -6.826409e-02
   2.439253e+04    -6.940741e-02
   2.439355e+04    -7.437012e-02
   2.439448e+04    -8.192198e-02
   2.439544e+04    -7.974017e-02
   2.439643e+04    -8.234378e-02
   2.439745e+04    -7.809773e-02
   2.439840e+04    -8.173603e-02
   2.439944e+04    -7.346298e-02
   2.440042e+04    -7.591149e-02
   2.440136e+04    -7.324697e-02
   2.440235e+04    -7.382412e-02
   2.440327e+04    -7.033096e-02
   2.440425e+04    -6.818880e-02
   2.440525e+04    -5.712831e-02
   2.440619e+04    -5.563988e-02
   2.440717e+04    -5.652085e-02
   2.440809e+04    -4.501276e-02
   2.440905e+04    -4.229140e-02
   2.441001e+04    -3.428726e-02
   2.441101e+04    -2.952874e-02
   2.441197e+04    -2.144175e-02
   2.441296e+04    -1.547138e-02
   2.441393e+04    -4.206845e-03
   2.441483e+04    -2.219686e-03
   2.441578e+04    +4.120848e-03
   2.441680e+04    +1.140151e-02
   2.441774e+04    +1.881956e-02
   2.441873e+04    +2.803903e-02
   2.441971e+04    +2.950817e-02
   2.442066e+04    +2.931158e-02
   2.442167e+04    +3.922600e-02
   2.442265e+04    +4.177812e-02
   2.442353e+04    +4.861253e-02
   2.442452e+04    +5.366916e-02
   2.442548e+04    +5.313227e-02
   2.442642e+04    +6.054275e-02
   2.442742e+04    +5.651799e-02
   2.442837e+04    +6.435807e-02
   2.442938e+04    +5.956084e-02
   2.443032e+04    +5.448594e-02
   2.443126e+04    +5.183339e-02
   2.443228e+04    +5.319409e-02
   2.443322e+04    +5.113632e-02
   2.443420e+04    +3.998682e-02
   2.443515e+04    +3.555442e-02
   2.443614e+04    +3.669361e-02
   2.443706e+04    +3.262730e-02
   2.443800e+04    +3.318532e-02
   2.443898e+04    +2.431258e-02
   2.443994e+04    +2.404806e-02
   2.444091e+04    +2.554122e-02
   2.444187e+04    +2.212398e-02
   2.444278e+04    +2.471396e-02
   2.444377e+04    +2.665715e-02
   2.444476e+04    +3.256933e-02
   2.444574e+04    +3.088325e-02
   2.444667e+04    +2.748823e-02
   2.444763e+04    +2.688220e-02
   2.444855e+04    +3.135629e-02
   2.444956e+04    +2.633514e-02
   2.445053e+04    +2.830822e-02
   2.445153e+04    +2.712731e-02
   2.445250e+04    +2.033504e-02
   2.445344e+04    +2.244035e-02
   2.445441e+04    +1.903509e-02
   2.445547e+04    +1.099829e-02
   2.445646e+04    +8.745770e-03
   2.445748e+04    +1.263509e-02
   2.445844e+04    +8.393028e-03
   2.445933e+04    +7.424321e-03
   2.446036e+04    +7.257423e-03
   2.446139e+04    -8.960167e-04
   2.446234e+04    +2.348147e-03
   2.446321e+04    -5.684518e-03
   2.446422e+04    -2.403407e-03
   2.446520e+04    -1.409686e-02
   2.446615e+04    -5.483323e-03
   2.446714e+04    -2.739199e-03
   2.446809e+04    -1.277022e-02
   2.446911e+04    -4.545861e-03
   2.446999e+04    -8.478647e-03
   2.447105e+04    -9.036974e-03
   2.447202e+04    -1.100531e-02
   2.447296e+04    -8.072662e-03
   2.447393e+04    -1.141602e-02
   2.447487e+04    -1.127398e-02
   2.447586e+04    -1.391208e-02
   2.447682e+04    -1.364422e-02
   2.447786e+04    -1.165267e-02
   2.447879e+04    -1.339445e-02
   2.447984e+04    -1.286474e-02
   2.448078e+04    -1.237784e-02
   2.448180e+04    -1.621695e-02
   2.448276e+04    -1.659212e-02
   2.448371e+04    -1.360391e-02
   2.448467e+04    -4.895318e-03
   2.448567e+04    -9.554909e-03
   2.448670e+04    -4.278191e-03
   2.448763e+04    -2.392903e-03
   2.448863e+04    -4.055695e-03
   2.448958e+04    +2.189177e-03
   2.449060e+04    +6.203144e-03
   2.449161e+04    +1.283893e-02
   2.449253e+04    +1.047032e-02
   2.449351e+04    +1.732817e-02
   2.449452e+04    +8.366673e-03
   2.449544e+04    +6.315212e-03
   2.449639e+04    +1.941697e-02
   2.449732e+04    +1.895415e-02
   2.449838e+04    +1.778243e-02
   2.449928e+04    +2.202119e-02
   2.450028e+04    +1.944997e-02
   2.450126e+04    +1.876559e-02
   2.450229e+04    +2.407462e-02
   2.450320e+04    +1.640132e-02
   2.450418e+04    +2.363707e-02
   2.450512e+04    +2.252335e-02
   2.450620e+04    +2.290127e-02
   2.450713e+04    +2.412081e-02
   2.450811e+04    +2.225654e-02
   2.450903e+04    +2.573559e-02
   2.451003e+04    +2.097441e-02
   2.451100e+04    +1.861811e-02
   2.451196e+04    +2.718830e-02
   2.451288e+04    +2.201295e-02
   2.451392e+04    +2.115444e-02
   2.451490e+04    +1.837213e-02
   2.451587e+04    +1.408277e-02
   2.451679e+04    +2.325272e-02
   2.451781e+04    +1.650855e-02
   2.451880e+04    +2.094015e-02
   2.451974e+04    +1.700063e-02
   2.452067e+04    +2.516618e-02
   2.452165e+04    +1.630133e-02
   2.452265e+04    +1.570227e-02
   2.452364e+04    +2.090861e-02
   2.452464e+04    +1.285721e-02
   2.452560e+04    +1.695597e-02
   2.452666e+04    +1.994681e-02
   2.452761e+04    +2.102053e-02
   2.452858e+04    +2.017416e-02
   2.452951e+04    +1.854443e-02
   2.453053e+04    +2.391448e-02
   2.453141e+04    +1.654602e-02
   2.453244e+04    +5.862154e-03
   2.453347e+04    +1.434094e-02
   2.453445e+04    +1.607726e-02
   2.453538e+04    +1.648639e-02
   2.453638e+04    +1.549997e-02
   2.453736e+04    +1.691630e-02
   2.453830e+04    +1.252189e-02
   2.453934e+04    +1.331325e-02
   2.454032e+04    +1.218742e-02
   2.454132e+04    +1.497916e-02
   2.454234e+04    +1.135835e-02
   2.454321e+04    +1.359190e-02
   2.454423e+04    +4.123105e-03
   2.454518e+04    +1.466533e-02
   2.454618e+04    +1.242706e-02
   2.454719e+04    +1.066570e-02
   2.454810e+04    +1.213967e-02
   2.454902e+04    +1.253301e-02
   2.455006e+04    +1.392448e-02
   2.455100e+04    +1.357864e-02
   2.455204e+04    +1.073483e-02
   2.455301e+04    +1.757579e-02
   2.455397e+04    +1.296003e-02
   2.455500e+04    +1.128209e-02
   2.455592e+04    +1.778602e-02
   2.455698e+04    +1.394067e-02
   2.455792e+04    +1.480880e-02
   2.455892e+04    +1.277786e-02
   2.455992e+04    +9.084382e-03
   2.456092e+04    +1.244188e-02
   2.456187e+04    +5.171459e-03
   2.456282e+04    +1.088340e-02
   2.456383e+04    +1.771710e-03
   2.456488e+04    -1.672054e-03
   2.456575e+04    +2.081783e-03
   2.456679e+04    +2.326997e-03
   2.456783e+04    -5.112576e-04
   2.456872e+04    -1.808933e-04
   2.456970e+04    -5.678557e-03
   2.457066e+04    -1.189772e-02
   2.457170e+04    -7.924990e-03
   2.457262e+04    -1.021100e-02
   2.457357e+04    -1.409615e-02
   2.457460e+04    -9.985384e-03
   2.457558e+04    -1.975564e-02
   2.457654e+04    -1.513155e-02
   2.457751e+04    -1.918794e-02
   2.457853e+04    -2.037473e-02
   2.457943e+04    -1.509727e-02
   2.458044e+04    -1.766016e-02
   2.458143e+04    -1.607141e-02
   2.458244e+04    -1.748659e-02
   2.458342e+04    -2.183987e-02
   2.458435e+04    -1.629191e-02
   2.458528e+04    -2.245099e-02
   2.458630e+04    -1.573031e-02
   2.458725e+04    -1.336618e-02
   2.458819e+04    -1.262284e-02
   2.458925e+04    -1.076273e-02
   2.459019e+04    -1.111647e-02
   2.459118e+04    -1.194953e-02
   2.459218e+04    -1.291573e-02
   2.459317e+04    -1.242610e-02
   2.459415e+04    -6.993418e-03
   2.459515e+04    -3.620294e-03
   2.459612e+04    -4.627564e-03
   2.459709e+04    -5.549448e-03
   2.459810e+04    -5.433388e-03
   2.459901e+04    +3.074470e-03
   2.460002e+04    -6.385263e-03
   2.460100e+04    +2.203802e-03
   2.460196e+04    +3.329374e-04
   2.460298e+04    +6.423092e-03
   2.460397e+04    +5.818427e-03
   2.460490e+04    +5.900165e-03
   2.460589e+04    +5.726304e-03
   2.460682e+04    +1.101192e-02
   2.460781e+04    +6.960447e-03
   2.460878e+04    +1.527639e-02
   2.460972e+04    +1.464610e-02
   2.461069e+04    +1.509928e-02
   2.461165e+04    +1.048900e-02
   2.461260e+04    +1.067015e-02
   2.461360e+04    +1.260225e-02
   2.461461e+04    +1.743649e-02
   2.461562e+04    +6.392764e-03
   2.461659e+04    +1.722062e-02
   2.461751e+04    +1.361858e-02
   2.461853e+04    +1.334643e-02
   2.461948e+04    +1.069365e-02
   2.462043e+04    +1.637802e-02
   2.462146e+04    +1.516915e-02
   2.462242e+04    +1.235934e-02
   2.462344e+04    +1.499530e-02
   2.462444e+04    +1.256210e-02
   2.462537e+04    +1.012475e-02
   2.462635e+04    +9.918361e-03
   2.462732e+04    +5.541686e-03
   2.462833e+04    +5.702663e-03
   2.462926e+04    +6.227195e-03
   2.463023e+04    +1.068208e-02
   2.463120e+04    +5.247177e-03
   2.463221e+04    +7.691858e-03
   2.463319e+04    +5.355604e-05
   2.463412e+04    -3.148883e-04
   2.463508e+04    +7.165325e-04
   2.463611e+04    -1.779418e-03
   2.463709e+04    +6.953804e-04
   2.463805e+04    -3.557162e-03
   2.463901e+04    -4.479614e-03
   2.464003e+04    -2.336240e-03
   2.464092e+04    -3.781138e-03
   2.464197e+04    -5.289062e-03
   2.464287e+04    -5.711498e-03
   2.464384e+04    -3.460858e-03
   2.464481e+04    -6.640055e-03
   2.464582e+04    -7.150453e-03
   2.464679e+04    -4.704432e-03
   2.464776e+04    -9.745416e-03
   2.464871e+04    -5.825101e-03
   2.464967e+04    -9.748369e-03
   2.465063e+04    -7.013736e-03
   2.465161e+04    -1.094630e-02
   2.465262e+04    -1.107464e-02
   2.465362e+04    -8.146214e-03
   2.465462e+04    -9.234012e-03
   2.465557e+04    -9.453878e-03
   2.465655e+04    -7.022346e-03
   2.465746e+04    -1.015203e-02
   2.465848e+04    -8.122358e-03
   2.465947e+04    -6.623035e-03
   2.466053e+04    -5.516257e-03
   2.466150e+04    +2.100388e-03
   2.466249e+04    -1.038123e-02
   2.466345e+04    +1.419614e-03
   2.466445e+04    -6.803341e-03
   2.466543e+04    -5.125750e-03
   2.466641e+04    -5.584125e-03
   2.466737e+04    -2.632482e-03
   2.466833e+04    -1.775509e-03
   2.466929e+04    -2.096618e-03
   2.467024e+04    -8.843307e-04
   2.467124e+04    +5.569264e-05
   2.467223e+04    -6.467532e-03
   2.467312e+04    -2.085803e-03
   2.467411e+04    -6.062050e-03
   2.467510e+04    +2.744993e-03
   2.467609e+04    -4.763454e-03
   2.467695e+04    -2.143232e-03
   2.467795e+04    +2.218059e-03
   2.467890e+04    +3.711934e-03
   2.467990e+04    -2.481257e-03
   2.468086e+04    -1.197272e-03
   2.468185e+04    -1.815114e-03
   2.468280e+04    -3.186486e-03
   2.468375e+04    +2.171117e-03
   2.468471e+04    -2.767308e-03
   2.468569e+04    -1.032764e-03
   2.468673e+04    -2.273521e-03
   2.468769e+04    +4.942897e-03
   2.468862e+04    +3.015182e-03
   2.468962e+04    +7.941623e-04
   2.469060e+04    -5.145145e-04
   2.469159e+04    -3.823946e-03
   2.469258e+04    -4.738615e-03
   2.469360e+04    +7.480792e-04
   2.469454e+04    -2.170423e-03
   2.469553e+04    -3.503447e-03
   2.469649e+04    -4.727490e-03
   2.469753e+04    -2.219703e-03
   2.469845e+04    -9.728440e-03
   2.469941e+04    -4.638873e-03
   2.470037e+04    -7.731072e-04
   2.470132e+04    -5.648539e-03
   2.470230e+04    -6.029815e-03
   2.470329e+04    -7.222263e-03
   2.470423e+04    -7.534997e-03
   2.470519e+04    +1.852717e-03
   2.470616e+04    -4.010978e-03
   2.470712e+04    -1.244912e-02
   2.470811e+04    -9.717336e-03
   2.470909e+04    -1.294903e-02
   2.471008e+04    -1.338116e-02
   2.471097e+04    -1.193863e-02
   2.471196e+04    -1.086013e-02
   2.471291e+04    -1.824478e-02
   2.471396e+04    -1.176792e-02
   2.471490e+04    -9.917999e-03
   2.471580e+04    -1.207798e-02
   2.471681e+04    -1.331462e-02
   2.471778e+04    -1.437930e-02
   2.471874e+04    -6.704968e-03
   2.471973e+04    -1.416699e-02
   2.472065e+04    -8.351268e-03
   2.472165e+04    -1.338071e-02
   2.472258e+04    -1.787993e-02
   2.472363e+04    -1.016092e-02
   2.472456e+04    -1.066531e-02
   2.472540e+04    -7.360588e-03
   2.472650e+04    -8.962912e-03
   2.472747e+04    -1.645473e-02
   2.472846e+04    -7.997558e-03
   2.472941e+04    -3.638353e-03
   2.473037e+04    -1.337524e-02
   2.473137e+04    -9.512129e-03
   2.473236e+04    -1.305197e-02
   2.473324e+04    -1.183867e-02
   2.473428e+04    -1.364408e-02
   2.473519e+04    -1.065082e-02
   2.473628e+04    -1.207403e-02
   2.473719e+04    -1.121666e-02
   2.473813e+04    -9.341774e-03
   2.473912e+04    -1.017313e-02
   2.474011e+04    -8.635962e-03
   2.474109e+04    -1.051413e-02
   2.474211e+04    -7.614919e-03
   2.474312e+04    -6.028346e-03
   2.474401e+04    -7.535732e-03
   2.474501e+04    -3.894549e-03
   2.474596e+04    -6.371881e-03
   2.474696e+04    -4.272378e-03
   2.474793e+04    +1.233663e-03
   2.474898e+04    -5.626662e-03
   2.474995e+04    -3.067616e-03
   2.475092e+04    -4.949125e-04
   2.475193e+04    -3.260983e-03
   2.475286e+04    -2.939604e-03
   2.475389e+04    -1.047143e-03
   2.475488e+04    -1.531771e-03
   2.475584e+04    +1.126363e-03
   2.475685e+04    +1.744063e-03
   2.475784e+04    +2.993958e-03
   2.475877e+04    -1.317902e-03
   2.475980e+04    +6.421466e-04
   2.476081e+04    +6.536329e-03
   2.476167e+04    -4.874657e-03
   2.476273e+04    -1.708437e-03
   2.476376e+04    +2.221358e-03
   2.476476e+04    +9.363889e-04
   2.476565e+04    +5.913502e-03
   2.476666e+04    +1.490692e-03
   2.476760e+04    +5.483312e-05
   2.476859e+04    +2.558302e-03
   2.476960e+04    +2.528632e-03
   2.477063e+04    +7.195225e-03
   2.477154e+04    +2.014027e-03
   2.477261e+04    +1.909664e-03
   2.477354e+04    +2.999021e-05
   2.477453e+04    +3.724959e-03
   2.477553e+04    -3.646242e-03
   2.477650e+04    +1.961282e-04
   2.477747e+04    +5.087379e-03
   2.477848e+04    +3.972058e-03
   2.477945e+04    -2.876056e-03
   2.478045e+04    -6.721833e-03
   2.478142e+04    -4.852957e-03
   2.478237e+04    +5.761400e-04
   2.478340e+04    +1.505289e-03
   2.478438e+04    -5.964687e-03
   2.478532e+04    -5.529914e-03
   2.478635e+04    -3.432748e-03
   2.478734e+04    -3.125989e-03
   2.478833e+04    +8.887129e-04
   2.478927e+04    +3.201577e-03
   2.479027e+04    +1.155543e-03
   2.479119e+04    -2.129384e-03
   2.479227e+04    -1.551459e-03
   2.479322e+04    -1.648150e-03
   2.479424e+04    -2.083268e-03
   2.479528e+04    -6.080508e-03
   2.479626e+04    -6.603478e-03
   2.479720e+04    -4.849800e-03
   2.479825e+04    +1.582022e-03
   2.479927e+04    -7.310374e-03
   2.480018e+04    -5.047401e-03
   2.480119e+04    +2.779418e-04
   2.480222e+04    -8.207217e-04
   2.480321e+04    -8.978340e-03
   2.480420e+04    +2.798527e-04
   2.480523e+04    -3.864800e-03
   2.480623e+04    -2.152638e-03
   2.480723e+04    -3.130788e-03
   2.480822e+04    -6.273511e-03
   2.480918e+04    -9.006149e-03
   2.481022e+04    -4.052565e-03
   2.481121e+04    -6.344561e-03
   2.481226e+04    -4.461602e-03
   2.481314e+04    -7.605275e-03
   2.481418e+04    -6.415849e-03
   2.481518e+04    -4.768556e-03
   2.481614e+04    -2.329884e-03
   2.481714e+04    -6.469502e-03
   2.481822e+04    -5.627850e-03
   2.481919e+04    -3.161005e-03
   2.482015e+04    -1.203852e-02
   2.482119e+04    -5.297379e-03
   2.482223e+04    -5.624701e-03
   2.482319e+04    -9.905291e-03
   2.482420e+04    -5.305740e-03
   2.482518e+04    -2.260041e-03
   2.482619e+04    -5.003491e-03
   2.482723e+04    -7.563177e-03
   2.482824e+04    -1.498797e-03
   2.482920e+04    -4.807013e-03
   2.483023e+04    -4.207822e-03
   2.483129e+04    -6.763065e-03
   2.483223e+04    -4.537240e-03
   2.483329e+04    -8.196336e-03
   2.483425e+04    -2.519698e-03
   2.483524e+04    -9.850757e-03
   2.483631e+04    -3.625949e-03
   2.483723e+04    -6.146898e-03
   2.483833e+04    -5.696487e-04
   2.483929e+04    -5.392878e-03
   2.484027e+04    -4.555114e-03
   2.484127e+04    -1.426114e-03
   2.484231e+04    -4.821673e-03
   2.484327e+04    +2.652803e-03
   2.484433e+04    -8.102686e-03
   2.484529e+04    -2.145814e-03
   2.484639e+04    -6.954537e-03
   2.484739e+04    -6.781435e-03
   2.484834e+04    -6.901864e-03
   2.484937e+04    -3.118485e-03
   2.485039e+04    -2.134565e-04
   2.485135e+04    -3.779306e-03
   2.485235e+04    -3.503813e-03
   2.485339e+04    -2.663595e-03
   2.485435e+04    -6.479851e-03
   2.485535e+04    -1.070204e-03
   2.485643e+04    -6.182092e-03
   2.485736e+04    -2.586168e-03
   2.485836e+04    -8.972454e-04
   2.485938e+04    -3.489303e-03
   2.486038e+04    -3.369809e-03
   2.486146e+04    -1.337577e-03
   2.486247e+04    -3.209283e-03
   2.486358e+04    -6.843852e-03
   2.486446e+04    +1.978918e-03
   2.486552e+04    -1.125874e-02
   2.486653e+04    -8.267404e-04
   2.486760e+04    -4.670863e-04
   2.486860e+04    -7.517078e-03
   2.486967e+04    -7.651459e-04
   2.487063e+04    -5.762570e-03
   2.487162e+04    -4.127902e-03
   2.487263e+04    -3.109836e-03
   2.487366e+04    -4.876630e-03
   2.487469e+04    -4.015008e-03
   2.487571e+04    -5.534133e-03
   2.487671e+04    -2.768668e-03
   2.487769e+04    -2.492579e-03
   2.487875e+04    +4.930707e-03
   2.487974e+04    -1.559719e-03
   2.488075e+04    -1.129430e-03
   2.488175e+04    -2.584797e-03
   2.488269e+04    -4.782434e-03
   2.488373e+04    -3.018018e-03
   2.488474e+04    -6.369340e-03
   2.488573e+04    +1.372672e-03
   2.488678e+04    -5.427587e-03
   2.488781e+04    -6.260848e-03
   2.488878e+04    -5.971793e-03
   2.488977e+04    -7.081430e-03
   2.489075e+04    -6.722051e-04
   2.489178e+04    -2.633301e-03
   2.489282e+04    -5.774428e-03
   2.489381e+04    -8.579606e-04
   2.489484e+04    -3.977172e-03
   2.489586e+04    -1.226091e-03
   2.489689e+04    -1.734915e-03
   2.489790e+04    -1.717956e-04
   2.489896e+04    -5.016552e-03
   2.490008e+04    -3.800487e-03
   2.490102e+04    -5.207946e-03
   2.490211e+04    +7.638586e-04
   2.490302e+04    -3.773119e-03
   2.490413e+04    -6.048175e-03
   2.490515e+04    -4.554068e-03
   2.490613e+04    +1.020089e-03
   2.490722e+04    -3.577807e-03
   2.490821e+04    -2.051019e-03
   2.490917e+04    -2.702427e-03
   2.491026e+04    -8.571234e-04
   2.491127e+04    -4.898864e-03
   2.491221e+04    +2.943838e-05
   2.491329e+04    +2.438325e-03
   2.491424e+04    -4.353957e-03
   2.491539e+04    -4.792367e-03
   2.491638e+04    -1.087302e-03
   2.491735e+04    +2.501209e-03
   2.491836e+04    +3.743107e-03
   2.491940e+04    -1.601103e-03
   2.492044e+04    -3.576918e-04
   2.492148e+04    -8.813819e-04
   2.492249e+04    +3.098160e-03
   2.492350e+04    -6.942302e-03
   2.492453e+04    +2.455644e-03
   2.492549e+04    -3.095657e-04
   2.492647e+04    +5.635971e-04
   2.492756e+04    -1.230468e-03
   2.492860e+04    -1.274610e-03
   2.492961e+04    -1.501546e-03
   2.493063e+04    -6.138200e-03
   2.493165e+04    -9.227797e-04
   2.493266e+04    -1.414282e-03
   2.493374e+04    -1.287457e-03
   2.493478e+04    +7.779303e-05
   2.493584e+04    -3.649438e-03
   2.493683e+04    -3.007767e-03
   2.493786e+04    +1.793104e-03
   2.493887e+04    -3.802944e-03
   2.493995e+04    -8.802911e-04
   2.494088e+04    +3.680596e-03
   2.494193e+04    -5.772935e-04
   2.494294e+04    +2.285868e-03
   2.494403e+04    -3.002251e-03
   2.494501e+04    -2.028055e-03
   2.494610e+04    -3.666033e-03
   2.494706e+04    -9.538896e-04
   2.494805e+04    +5.031767e-04
   2.494910e+04    -3.060735e-03
   2.495013e+04    -1.426953e-03
   2.495110e+04    -7.042576e-05
   2.495214e+04    -1.154979e-03
   2.495313e+04    +1.371979e-03
   2.495416e+04    +5.303565e-04
   2.495520e+04    -6.575215e-03
   2.495630e+04    +1.536441e-03
   2.495723e+04    -1.143570e-03
   2.495828e+04    +5.197970e-04
   2.495926e+04    -5.015964e-03
   2.496022e+04    -1.364960e-03
   2.496129e+04    -1.024230e-04
   2.496226e+04    -2.708758e-04
   2.496333e+04    +4.729325e-03
   2.496437e+04    -3.050353e-04
   2.496542e+04    -2.739196e-03
   2.496638e+04    +4.433118e-04
   2.496750e+04    +4.515485e-03
   2.496851e+04    -2.293723e-03
   2.496953e+04    -4.909351e-04
   2.497061e+04    -4.444543e-03
   2.497154e+04    -1.142065e-03
   2.497255e+04    -5.142373e-03
   2.497365e+04    +7.041914e-03
   2.497462e+04    +4.905759e-04
   2.497569e+04    -1.009906e-04
   2.497669e+04    -4.590539e-03
   2.497770e+04    +4.123081e-03
   2.497872e+04    -3.694295e-03
   2.497976e+04    +3.140534e-03
   2.498075e+04    +9.342469e-04
   2.498172e+04    -6.965708e-04
   2.498278e+04    +6.009105e-03
   2.498375e+04    -4.670702e-03
   2.498479e+04    +3.390112e-03
   2.498579e+04    +5.460536e-04
   2.498680e+04    +1.743950e-03
   2.498784e+04    +1.222135e-03
   2.498891e+04    +3.623888e-03
   2.498990e+04    +6.958264e-03
   2.499088e+04    +2.573112e-03
   2.499186e+04    -1.466849e-03
   2.499293e+04    +1.550726e-03
   2.499394e+04    +3.173501e-03
   2.499494e+04    -3.629222e-03
   2.499598e+04    +5.521936e-03
   2.499692e+04    -2.421914e-03
   2.499797e+04    +4.328500e-03
   2.499904e+04    -2.317887e-03
   2.500005e+04    -2.816230e-03
   2.500104e+04    -2.670255e-03
   2.500204e+04    +3.014325e-03
   2.500307e+04    +4.478625e-03
   2.500408e+04    +4.965898e-03
   2.500512e+04    -1.744725e-03
   2.500614e+04    +3.122346e-03
   2.500716e+04    -3.003092e-04
   2.500821e+04    -3.094484e-03
   2.500920e+04    -3.109445e-03
   2.501019e+04    -3.541379e-03
   2.501125e+04    -6.447552e-03
   2.501218e+04    +3.235460e-03
   2.501319e+04    -2.784324e-03
   2.501422e+04    -6.772805e-04
   2.501524e+04    -1.280581e-03
   2.501629e+04    -7.221176e-03
   2.501728e+04    +6.319965e-03
   2.501827e+04    -1.178971e-03
   2.501929e+04    -7.788774e-05
   2.502028e+04    +5.064031e-04
   2.502132e+04    +1.288729e-03
   2.502229e+04    -7.264223e-04
   2.502336e+04    +7.031730e-04
   2.502434e+04    +8.392515e-03
   2.502533e+04    +5.489544e-04
   2.502638e+04    -1.220541e-04
   2.502740e+04    +3.325288e-04
   2.502841e+04    +5.529853e-03
   2.502941e+04    +2.087555e-04
   2.503038e+04    -1.058296e-02
   2.503143e+04    -1.058155e-02
   2.503243e+04    +8.926654e-03
   2.503348e+04    +8.640318e-04
   2.503449e+04    -2.574539e-03
   2.503550e+04    +2.200272e-03
   2.503654e+04    +3.121008e-03
   2.503754e+04    +4.298044e-03
   2.503865e+04    +2.439818e-03
   2.503961e+04    +2.959342e-03
   2.504064e+04    -7.795603e-04
   2.504168e+04    -5.017364e-04
   2.504270e+04    +1.086236e-03
   2.504366e+04    +3.312774e-03
   2.504465e+04    +1.702379e-03
   2.504570e+04    -9.293173e-04
   2.504680e+04    +1.556825e-03
   2.504776e+04    -3.173672e-03
   2.504876e+04    -3.030863e-03
   2.504980e+04    +6.141672e-04
   2.505077e+04    +6.068994e-03
   2.505181e+04    -1.347987e-03
   2.505284e+04    +9.183032e-04
   2.505383e+04    +1.688969e-03
   2.505486e+04    +4.081074e-03
   2.505584e+04    -2.619644e-03
   2.505692e+04    +1.381584e-03
   2.505793e+04    -1.660642e-03
   2.505894e+04    +5.707814e-04
   2.505997e+04    -7.568744e-04
   2.506098e+04    +8.908521e-04
   2.506203e+04    +2.373446e-03
   2.506308e+04    -2.921768e-03
   2.506409e+04    -6.537166e-03
   2.506513e+04    +9.420745e-04
   2.506611e+04    +9.930740e-03
   2.506715e+04    +1.764593e-03
   2.506817e+04    -2.472236e-03
   2.506923e+04    -2.187022e-03
   2.507022e+04    +1.418777e-03
   2.507123e+04    +1.841903e-03
   2.507226e+04    +4.733637e-03
   2.507329e+04    +5.862321e-03
   2.507434e+04    +1.266298e-03
   2.507539e+04    +7.289304e-03
   2.507641e+04    -1.060701e-03
   2.507747e+04    +4.714982e-03
   2.507844e+04    +6.646048e-04
   2.507949e+04    -3.522632e-03
   2.508050e+04    +3.039984e-03
   2.508157e+04    +6.431336e-04
   2.508258e+04    +5.995143e-03
   2.508364e+04    -2.882250e-03
   2.508459e+04    +6.858592e-03
   2.508566e+04    +2.972167e-03
   2.508665e+04    +1.693621e-03
   2.508769e+04    +8.633001e-04
   2.508876e+04    +4.882661e-03
   2.508978e+04    -1.329105e-03
   2.509078e+04    +1.727851e-03
   2.509179e+04    -3.655893e-04
   2.509279e+04    +5.619079e-03
   2.509381e+04    +6.389652e-03
   2.509487e+04    +9.734417e-04
   2.509595e+04    +9.278464e-03
   2.509700e+04    +3.233586e-03
   2.509801e+04    +4.236085e-03
   2.509902e+04    +1.954049e-03
   2.510011e+04    +1.624942e-03
   2.510104e+04    +1.634483e-03
   2.510209e+04    +4.887206e-03
   2.510311e+04    +7.433641e-03
   2.510410e+04    +4.924472e-03
   2.510524e+04    +4.055315e-03
   2.510626e+04    +3.674548e-03
   2.510731e+04    +3.958101e-03
   2.510823e+04    +6.361551e-03
   2.510932e+04    -1.641583e-03
   2.511040e+04    +4.862209e-03
   2.511142e+04    +7.901077e-03
   2.511242e+04    +2.750882e-03
   2.511345e+04    +7.558351e-03
   2.511450e+04    -1.401147e-03
   2.511545e+04    +8.206056e-03
   2.511658e+04    +5.731123e-04
   2.511750e+04    +6.203010e-03
   2.511861e+04    +6.540959e-04
   2.511964e+04    -4.682561e-04
   2.512070e+04    +3.988512e-03
   2.512171e+04    +7.306042e-03
   2.512277e+04    +2.896231e-04
   2.512373e+04    +8.083233e-05
   2.512481e+04    +5.044090e-03
   2.512582e+04    +8.252826e-03
   2.512687e+04    +9.349721e-03
   2.512790e+04    +1.774877e-03
   2.512891e+04    +9.675365e-03
   2.512991e+04    +1.987449e-03
   2.513094e+04    +4.503352e-03
   2.513196e+04    +3.999771e-03
   2.513294e+04    +7.965172e-03
   2.513404e+04    -1.967458e-03
   2.513502e+04    +5.384655e-03
   2.513602e+04    +1.883697e-03
   2.513705e+04    +1.602801e-03
   2.513810e+04    +6.248157e-03
   2.513903e+04    +1.585195e-03
   2.514018e+04    +4.188861e-03
   2.514121e+04    +4.701125e-03
   2.514222e+04    -3.953651e-03
   2.514326e+04    +1.196181e-02
   2.514432e+04    -7.478485e-04
   2.514535e+04    +1.081359e-03
   2.514641e+04    -2.905002e-03
   2.514747e+04    +1.816625e-03
   2.514843e+04    +2.036145e-03
   2.514951e+04    +1.470875e-03
   2.515058e+04    +5.878195e-03
   2.515159e+04    +8.649433e-03
   2.515268e+04    -2.686526e-03
   2.515365e+04    +1.143072e-03
   2.515471e+04    +6.963674e-03
   2.515576e+04    +5.670631e-03
   2.515685e+04    +9.620041e-03
   2.515783e+04    -5.693982e-03
   2.515887e+04    -6.287190e-04
   2.515984e+04    +2.595627e-03
   2.516094e+04    -2.892984e-03
   2.516197e+04    +2.555612e-03
   2.516303e+04    +1.973125e-03
   2.516402e+04    +1.930909e-03
   2.516507e+04    +2.141224e-03
   2.516613e+04    +1.674924e-03
   2.516717e+04    +2.045580e-03
   2.516817e+04    +4.321434e-03
   2.516926e+04    +3.733267e-03
   2.517025e+04    +7.105094e-03
   2.517130e+04    +8.359684e-04
   2.517240e+04    +2.781144e-03
   2.517341e+04    +1.245830e-03
   2.517448e+04    -3.705277e-03
   2.517551e+04    -2.649678e-03
   2.517648e+04    +2.524486e-04
   2.517753e+04    +8.089756e-03
   2.517860e+04    +4.815515e-03
   2.517966e+04    +2.603929e-03
   2.518077e+04    +4.494822e-04
   2.518178e+04    -9.780622e-04
   2.518285e+04    +4.108444e-03
   2.518388e+04    +3.805023e-03
   2.518487e+04    +1.154991e-03
   2.518589e+04    -1.510775e-03
   2.518697e+04    -2.482335e-03
   2.518799e+04    -3.312484e-03
   2.518900e+04    +3.628147e-03
   2.519007e+04    +4.487224e-03
   2.519109e+04    +2.398759e-03
   2.519216e+04    -2.709383e-03
   2.519322e+04    +3.042326e-03
   2.519419e+04    +1.434472e-03
   2.519525e+04    +2.684755e-03
   2.519629e+04    +4.635140e-03
   2.519728e+04    +1.312179e-03
   2.519831e+04    +2.849418e-03
   2.519941e+04    +2.586044e-03
   2.520043e+04    +2.274273e-03
   2.520148e+04    +4.157514e-04
   2.520247e+04    +5.002198e-03
   2.520353e+04    +7.074941e-03
   2.520456e+04    +2.265311e-03
   2.520565e+04    +1.564530e-03
   2.520667e+04    +5.863974e-03
   2.520762e+04    +2.045931e-03
   2.520870e+04    +6.416179e-03
   2.520971e+04    -1.809608e-03
   2.521075e+04    -1.353653e-03
   2.521180e+04    -5.674200e-04
   2.521285e+04    +9.783528e-03
   2.521387e+04    +3.057570e-03
   2.521495e+04    -2.600830e-03
   2.521589e+04    +1.859291e-03
   2.521698e+04    +1.158873e-02
   2.521804e+04    +4.567310e-03
   2.521919e+04    +1.797003e-03
   2.522022e+04    +6.957963e-03
   2.522122e+04    +4.814073e-03
   2.522227e+04    +6.952992e-03
   2.522328e+04    +5.198560e-03
   2.522434e+04    +7.918022e-03
   2.522539e+04    +4.808244e-03
   2.522639e+04    +2.610176e-03
   2.522742e+04    +3.931416e-03
   2.522848e+04    +8.282612e-03
   2.522950e+04    +3.428012e-03
   2.523059e+04    -1.114499e-03
   2.523153e+04    +4.434200e-03
   2.523257e+04    -9.274364e-04
   2.523360e+04    -3.014405e-04
   2.523470e+04    +3.256519e-03
   2.523566e+04    +1.706750e-03
   2.523674e+04    +1.549694e-03
   2.523773e+04    +3.212828e-03
   2.523872e+04    -2.245762e-03
   2.523982e+04    +1.581362e-03
   2.524076e+04    +2.312669e-03
   2.524193e+04    -3.104236e-03
   2.524290e+04    -2.626334e-04
   2.524395e+04    +5.767078e-03
   2.524498e+04    +8.148036e-03
   2.524607e+04    +2.143668e-03
   2.524706e+04    +4.412720e-03
   2.524813e+04    +3.865317e-03
   2.524919e+04    +4.287434e-03
   2.525025e+04    +4.435507e-04
   2.525133e+04    +6.403822e-03
   2.525231e+04    +2.132240e-03
   2.525339e+04    +7.914146e-04
   2.525443e+04    -2.970522e-03
   2.525550e+04    +2.881723e-03
   2.525650e+04    +3.961263e-03
   2.525753e+04    +5.999027e-04
   2.525853e+04    +7.056906e-03
   2.525960e+04    +1.977531e-03
   2.526059e+04    +5.264390e-03
   2.526161e+04    +8.650249e-04
   2.526265e+04    +5.546897e-03
   2.526369e+04    +2.401417e-03
   2.526465e+04    +1.403813e-03
   2.526571e+04    +5.638292e-03
   2.526670e+04    -1.731453e-03
   2.526772e+04    +1.896910e-03
   2.526883e+04    -4.667810e-03
   2.526982e+04    -1.118695e-03
   2.527081e+04    +4.232135e-03
   2.527185e+04    +3.956491e-03
   2.527289e+04    +2.937504e-03
   2.527383e+04    -3.300455e-03
   2.527491e+04    +6.242921e-03
   2.527597e+04    -2.618410e-03
   2.527697e+04    +4.139350e-03
   2.527802e+04    +2.392573e-03
   2.527903e+04    +4.771748e-03
   2.528006e+04    +3.673863e-03
   2.528104e+04    +3.202616e-03
   2.528205e+04    +2.354686e-03
   2.528310e+04    -1.699633e-03
   2.528411e+04    +4.002909e-03
   2.528511e+04    +1.030620e-03
   2.528616e+04    +6.151198e-04
   2.528712e+04    +5.914297e-04
   2.528818e+04    +1.674141e-03
   2.528924e+04    -4.030830e-03
   2.529026e+04    -1.081027e-03
   2.529130e+04    +3.141745e-03
   2.529227e+04    +3.049941e-03
   2.529327e+04    +4.436281e-03
   2.529432e+04    +3.694272e-03
   2.529530e+04    +2.038711e-04
   2.529635e+04    -4.300382e-03
   2.529732e+04    +4.228465e-03
   2.529840e+04    +3.753956e-03
   2.529943e+04    +5.117815e-03
   2.530038e+04    +8.961792e-04
   2.530141e+04    -1.264252e-03
   2.530245e+04    +1.060827e-03
   2.530348e+04    -1.896894e-03
   2.530451e+04    +3.553260e-03
   2.530555e+04    +1.483499e-04
   2.530650e+04    -1.939468e-03
   2.530753e+04    +3.890576e-03
   2.530850e+04    -1.983739e-03
   2.530959e+04    -6.640754e-04
   2.531058e+04    -2.750602e-03
   2.531162e+04    -1.670132e-03
   2.531265e+04    +2.015875e-04
   2.531369e+04    -1.753263e-03
   2.531469e+04    -3.937791e-03
   2.531567e+04    +2.918416e-03
   2.531669e+04    -7.721848e-04
   2.531772e+04    +2.899873e-03
   2.531875e+04    -6.229151e-04
   2.531980e+04    -7.505839e-05
   2.532084e+04    -4.075200e-03
   2.532183e+04    +2.353986e-03
   2.532283e+04    +3.595540e-03
   2.532389e+04    +2.739232e-03
   2.532496e+04    -3.575165e-03
   2.532599e+04    +9.994346e-04
   2.532701e+04    -3.120539e-03
   2.532799e+04    +3.012551e-03
   2.532902e+04    -1.293634e-04
   2.533003e+04    -3.500990e-03
   2.533105e+04    +1.242219e-03
   2.533208e+04    -1.123968e-03
   2.533310e+04    -7.130412e-04
   2.533406e+04    +2.020539e-04
   2.533514e+04    +1.321612e-03
   2.533616e+04    -1.054992e-03
   2.533717e+04    +1.510150e-03
   2.533824e+04    -1.445214e-03
   2.533923e+04    +2.403625e-03
   2.534021e+04    +2.471065e-04
   2.534130e+04    +2.280554e-03
   2.534226e+04    -4.734062e-03
   2.534324e+04    +4.808895e-03
   2.534426e+04    +4.655277e-03
   2.534528e+04    +2.170080e-03
   2.534632e+04    +4.682992e-04
   2.534731e+04    +3.630640e-03
   2.534837e+04    -1.547656e-03
   2.534933e+04    -6.820474e-04
   2.535029e+04    +1.389394e-03
   2.535137e+04    -3.277096e-03
   2.535236e+04    -1.021790e-03
   2.535337e+04    +3.584562e-03
   2.535436e+04    -4.090073e-04
   2.535537e+04    -8.091938e-03
   2.535641e+04    +2.671716e-03
   2.535737e+04    +5.240901e-03
   2.535841e+04    -5.547601e-03
   2.535947e+04    -3.520549e-03
   2.536051e+04    -4.733882e-03
   2.536153e+04    +2.477178e-03
   2.536258e+04    +7.390425e-03
   2.536360e+04    +1.463570e-03
   2.536464e+04    +1.710809e-03
   2.536564e+04    -5.167451e-03
   2.536670e+04    +4.453949e-03
   2.536777e+04    -3.153720e-04
   2.536878e+04    +5.868892e-04
   2.536985e+04    -9.368167e-03
   2.537094e+04    +1.900676e-03
   2.537192e+04    +1.897031e-03
   2.537293e+04    +5.306770e-03
   2.537397e+04    +2.712866e-03
   2.537501e+04    -1.550493e-03
   2.537608e+04    +7.919562e-03
   2.537704e+04    -3.057108e-03
   2.537812e+04    -3.216814e-03
   2.537910e+04    -1.429774e-03
   2.538020e+04    -1.197185e-03
   2.538128e+04    -8.250572e-03
   2.538226e+04    -7.443184e-03
   2.538328e+04    +9.045329e-05
   2.538431e+04    -4.042853e-03
   2.538538e+04    +7.482818e-03
   2.538638e+04    -3.755057e-03
   2.538745e+04    -3.042720e-03
   2.538851e+04    +9.435409e-04
   2.538950e+04    -5.400312e-03
   2.539059e+04    -4.117025e-03
   2.539158e+04    -7.140580e-04
   2.539264e+04    +4.994248e-04
   2.539370e+04    -3.244646e-03
   2.539481e+04    -4.357553e-03
   2.539584e+04    -9.440573e-04
   2.539690e+04    -5.630811e-03
   2.539793e+04    -1.609952e-03
   2.539893e+04    -3.848711e-03
   2.540003e+04    +6.225002e-05
   2.540108e+04    -1.252397e-03
   2.540208e+04    -8.601745e-03
   2.540314e+04    -3.605657e-03
   2.540419e+04    -9.506358e-04
   2.540527e+04    -1.175148e-03
   2.540633e+04    -2.997556e-03
   2.540736e+04    +2.855863e-03
   2.540839e+04    -5.272748e-03
   2.540944e+04    -5.311722e-03
   2.541046e+04    -5.273965e-03
   2.541154e+04    -1.083679e-02
   2.541258e+04    -2.899502e-03
   2.541358e+04    -4.307327e-03
   2.541465e+04    +1.668986e-03
   2.541570e+04    -3.533897e-04
   2.541672e+04    +8.806407e-04
   2.541774e+04    -4.840926e-03
   2.541880e+04    -9.918353e-03
   2.541982e+04    -8.094256e-03
   2.542086e+04    -8.498545e-03
   2.542193e+04    +3.151543e-03
   2.542300e+04    -8.731707e-03
   2.542404e+04    +1.483436e-03
   2.542508e+04    -2.891446e-03
   2.542612e+04    -4.729357e-03
   2.542718e+04    -6.662671e-03
   2.542821e+04    -3.883209e-03
   2.542919e+04    -4.218003e-03
   2.543035e+04    -3.857229e-03
   2.543144e+04    -1.251179e-04
   2.543240e+04    -4.115552e-04
   2.543354e+04    -7.664253e-03
   2.543461e+04    -6.570874e-03
   2.543564e+04    -4.604020e-03
   2.543675e+04    -2.653731e-03
   2.543779e+04    -4.978789e-03
   2.543881e+04    -2.750348e-03
   2.543988e+04    -8.956471e-03
   2.544098e+04    -8.795611e-03
   2.544208e+04    -6.528360e-03
   2.544312e+04    -5.289997e-03
   2.544414e+04    -6.107722e-03
