#S 1
#D #D Sat Nov 2 15:22:34 2024
#U blowerT 25.0
#V signal fl
#V reference tr
#V E0 24353.638394823844
#V refE0 24350.0
#V blowerT 25.0
#V J0 165607054567.09604
#L E               x
   2.420012e+04    +2.875253e-04
   2.420109e+04    +5.947503e-04
   2.420202e+04    -5.034460e-04
   2.420293e+04    +8.608875e-05
   2.420394e+04    +1.119524e-03
   2.420488e+04    +9.934644e-04
   2.420574e+04    +4.977408e-04
   2.420672e+04    +3.907378e-04
   2.420767e+04    -1.365777e-05
   2.420864e+04    +7.393422e-04
   2.420959e+04    +3.995137e-04
   2.421045e+04    +1.378997e-03
   2.421139e+04    -7.630773e-04
   2.421231e+04    -1.409265e-05
   2.421320e+04    -3.019918e-05
   2.421418e+04    +2.063846e-04
   2.421501e+04    +4.624251e-04
   2.421595e+04    -4.486788e-04
   2.421687e+04    -1.611640e-03
   2.421775e+04    -5.503593e-05
   2.421879e+04    -2.950471e-04
   2.421960e+04    +2.192827e-05
   2.422055e+04    +2.731634e-04
   2.422156e+04    -1.199501e-03
   2.422242e+04    +8.494734e-05
   2.422339e+04    +5.348001e-04
   2.422429e+04    -5.804663e-05
   2.422526e+04    +4.101849e-04
   2.422616e+04    +1.663497e-04
   2.422707e+04    -5.311928e-04
   2.422802e+04    +8.567796e-05
   2.422891e+04    -1.274724e-04
   2.422986e+04    -8.304572e-04
   2.423080e+04    +1.199143e-04
   2.423170e+04    -4.750673e-04
   2.423266e+04    -3.031955e-05
   2.423352e+04    +2.684711e-04
   2.423448e+04    -3.646881e-06
   2.423540e+04    -6.813766e-05
   2.423641e+04    -3.907749e-04
   2.423724e+04    +4.864212e-05
   2.423825e+04    +9.065585e-05
   2.423915e+04    -9.473889e-04
   2.424008e+04    +1.545719e-04
   2.424104e+04    -4.609053e-04
   2.424194e+04    -2.115500e-04
   2.424284e+04    -4.732113e-04
   2.424382e+04    -1.277909e-03
   2.424475e+04    -1.604995e-04
   2.424567e+04    -5.502354e-04
   2.424653e+04    -6.418525e-04
   2.424750e+04    -4.493670e-04
   2.424847e+04    -5.525759e-04
   2.424939e+04    -1.923730e-04
   2.425023e+04    -5.935869e-04
   2.425115e+04    +3.042874e-04
   2.425210e+04    -4.368335e-04
   2.425304e+04    +1.270868e-05
   2.425400e+04    -6.160432e-05
   2.425490e+04    -5.571742e-04
   2.425582e+04    +1.833158e-04
   2.425678e+04    -3.759299e-04
   2.425771e+04    -8.302384e-05
   2.425868e+04    -2.988692e-05
   2.425968e+04    -2.220920e-04
   2.426056e+04    +5.091122e-04
   2.426139e+04    +6.586491e-04
   2.426244e+04    -1.513342e-03
   2.426338e+04    +7.867684e-05
   2.426429e+04    +2.891131e-04
   2.426518e+04    +5.983888e-04
   2.426607e+04    +8.120415e-04
   2.426706e+04    -5.304572e-05
   2.426798e+04    +4.021429e-04
   2.426899e+04    +9.897048e-04
   2.426988e+04    +8.023221e-04
   2.427073e+04    -1.126163e-04
   2.427174e+04    +1.239907e-04
   2.427269e+04    +7.150347e-04
   2.427363e+04    +1.511672e-03
   2.427457e+04    +1.220438e-03
   2.427547e+04    +5.523556e-04
   2.427644e+04    +1.697962e-03
   2.427735e+04    +9.876459e-04
   2.427826e+04    +1.203411e-03
   2.427924e+04    +1.379030e-03
   2.428018e+04    +1.905772e-03
   2.428111e+04    +1.943665e-03
   2.428205e+04    +1.838943e-03
   2.428300e+04    +1.770725e-03
   2.428398e+04    +2.634575e-03
   2.428490e+04    +2.699112e-03
   2.428588e+04    +2.942280e-03
   2.428688e+04    +2.398416e-03
   2.428780e+04    +2.090539e-03
   2.428872e+04    +3.646127e-03
   2.428967e+04    +2.796788e-03
   2.429066e+04    +2.489198e-03
   2.429151e+04    +3.786417e-03
   2.429253e+04    +3.178316e-03
   2.429344e+04    +4.484171e-03
   2.429440e+04    +4.000664e-03
   2.429535e+04    +4.107129e-03
   2.429625e+04    +3.679369e-03
   2.429720e+04    +3.094705e-03
   2.429813e+04    +4.284772e-03
   2.429907e+04    +4.359028e-03
   2.430008e+04    +4.495470e-03
   2.430103e+04    +6.164430e-03
   2.430193e+04    +5.214809e-03
   2.430286e+04    +6.279250e-03
   2.430381e+04    +5.961242e-03
   2.430475e+04    +6.873904e-03
   2.430576e+04    +6.933535e-03
   2.430668e+04    +7.312176e-03
   2.430766e+04    +6.944898e-03
   2.430857e+04    +7.625864e-03
   2.430956e+04    +8.713522e-03
   2.431049e+04    +9.419476e-03
   2.431140e+04    +9.240624e-03
   2.431238e+04    +1.022095e-02
   2.431329e+04    +9.989086e-03
   2.431425e+04    +1.025313e-02
   2.431518e+04    +1.234110e-02
   2.431608e+04    +1.113769e-02
   2.431699e+04    +1.226520e-02
   2.431800e+04    +1.235386e-02
   2.431894e+04    +1.300256e-02
   2.431989e+04    +1.489537e-02
   2.432088e+04    +1.564692e-02
   2.432175e+04    +1.699867e-02
   2.432276e+04    +1.756197e-02
   2.432370e+04    +1.866612e-02
   2.432470e+04    +1.886426e-02
   2.432567e+04    +2.100541e-02
   2.432659e+04    +2.190309e-02
   2.432760e+04    +2.255052e-02
   2.432853e+04    +2.311216e-02
   2.432945e+04    +2.531567e-02
   2.433032e+04    +2.806571e-02
   2.433131e+04    +2.952919e-02
   2.433229e+04    +3.131882e-02
   2.433323e+04    +3.424622e-02
   2.433415e+04    +3.581288e-02
   2.433507e+04    +3.875583e-02
   2.433606e+04    +3.920885e-02
   2.433699e+04    +4.371633e-02
   2.433793e+04    +4.791549e-02
   2.433886e+04    +5.182765e-02
   2.433987e+04    +5.536346e-02
   2.434079e+04    +5.974184e-02
   2.434172e+04    +6.390679e-02
   2.434261e+04    +7.275124e-02
   2.434359e+04    +8.091129e-02
   2.434457e+04    +9.042527e-02
   2.434554e+04    +1.038253e-01
   2.434646e+04    +1.162668e-01
   2.434746e+04    +1.331658e-01
   2.434832e+04    +1.591311e-01
   2.434933e+04    +1.872792e-01
   2.435031e+04    +2.167836e-01
   2.435131e+04    +2.561376e-01
   2.435225e+04    +3.053283e-01
   2.435320e+04    +3.560947e-01
   2.435416e+04    +4.159638e-01
   2.435514e+04    +4.616186e-01
   2.435604e+04    +5.161041e-01
   2.435710e+04    +5.608570e-01
   2.435802e+04    +6.048905e-01
   2.435905e+04    +6.527355e-01
   2.435997e+04    +7.170864e-01
   2.436097e+04    +7.747001e-01
   2.436189e+04    +8.365323e-01
   2.436285e+04    +9.135134e-01
   2.436376e+04    +9.755663e-01
   2.436473e+04    +1.035838e+00
   2.436568e+04    +1.081595e+00
   2.436663e+04    +1.111293e+00
   2.436757e+04    +1.127504e+00
   2.436853e+04    +1.130032e+00
   2.436941e+04    +1.124061e+00
   2.437042e+04    +1.116728e+00
   2.437135e+04    +1.106991e+00
   2.437235e+04    +1.109732e+00
   2.437329e+04    +1.100225e+00
   2.437425e+04    +1.101085e+00
   2.437521e+04    +1.099974e+00
   2.437614e+04    +1.091565e+00
   2.437707e+04    +1.085029e+00
   2.437802e+04    +1.079896e+00
   2.437902e+04    +1.072490e+00
   2.437995e+04    +1.063580e+00
   2.438090e+04    +1.049181e+00
   2.438181e+04    +1.041231e+00
   2.438280e+04    +1.033478e+00
   2.438376e+04    +1.019815e+00
   2.438474e+04    +1.009857e+00
   2.438564e+04    +9.990965e-01
   2.438663e+04    +9.751584e-01
   2.438761e+04    +9.659993e-01
   2.438854e+04    +9.571748e-01
   2.438954e+04    +9.416904e-01
   2.439049e+04    +9.371859e-01
   2.439151e+04    +9.331059e-01
   2.439248e+04    +9.281552e-01
   2.439348e+04    +9.222139e-01
   2.439443e+04    +9.185244e-01
   2.439539e+04    +9.160933e-01
   2.439636e+04    +9.142014e-01
   2.439733e+04    +9.206507e-01
   2.439832e+04    +9.259077e-01
   2.439929e+04    +9.191518e-01
   2.440028e+04    +9.241867e-01
   2.440124e+04    +9.282838e-01
   2.440221e+04    +9.292268e-01
   2.440325e+04    +9.298272e-01
   2.440416e+04    +9.351594e-01
   2.440510e+04    +9.355244e-01
   2.440609e+04    +9.467864e-01
   2.440705e+04    +9.445841e-01
   2.440795e+04    +9.579847e-01
   2.440895e+04    +9.616456e-01
   2.440990e+04    +9.608078e-01
   2.441085e+04    +9.711214e-01
   2.441180e+04    +9.760256e-01
   2.441282e+04    +9.890129e-01
   2.441374e+04    +9.947709e-01
   2.441469e+04    +9.936981e-01
   2.441567e+04    +1.000914e+00
   2.441670e+04    +1.006635e+00
   2.441766e+04    +1.014483e+00
   2.441863e+04    +1.022202e+00
   2.441956e+04    +1.034798e+00
   2.442053e+04    +1.033832e+00
   2.442157e+04    +1.046060e+00
   2.442254e+04    +1.046675e+00
   2.442351e+04    +1.051114e+00
   2.442448e+04    +1.053307e+00
   2.442539e+04    +1.056807e+00
   2.442640e+04    +1.064444e+00
   2.442735e+04    +1.058757e+00
   2.442829e+04    +1.057787e+00
   2.442928e+04    +1.056371e+00
   2.443018e+04    +1.053367e+00
   2.443116e+04    +1.058080e+00
   2.443219e+04    +1.054803e+00
   2.443315e+04    +1.046509e+00
   2.443412e+04    +1.043349e+00
   2.443506e+04    +1.033691e+00
   2.443603e+04    +1.035965e+00
   2.443693e+04    +1.032936e+00
   2.443787e+04    +1.028582e+00
   2.443886e+04    +1.026885e+00
   2.443993e+04    +1.024430e+00
   2.444088e+04    +1.027669e+00
   2.444180e+04    +1.029144e+00
   2.444277e+04    +1.021524e+00
   2.444369e+04    +1.029290e+00
   2.444466e+04    +1.032478e+00
   2.444569e+04    +1.033476e+00
   2.444665e+04    +1.028059e+00
   2.444760e+04    +1.027428e+00
   2.444858e+04    +1.029806e+00
   2.444952e+04    +1.029286e+00
   2.445052e+04    +1.025080e+00
   2.445150e+04    +1.024229e+00
   2.445247e+04    +1.024434e+00
   2.445343e+04    +1.019365e+00
   2.445444e+04    +1.016516e+00
   2.445534e+04    +1.011544e+00
   2.445636e+04    +1.009827e+00
   2.445736e+04    +1.008402e+00
   2.445830e+04    +1.002905e+00
   2.445922e+04    +1.006965e+00
   2.446025e+04    +9.972660e-01
   2.446132e+04    +9.978733e-01
   2.446224e+04    +1.001218e+00
   2.446313e+04    +9.937829e-01
   2.446413e+04    +9.972133e-01
   2.446509e+04    +9.950189e-01
   2.446608e+04    +9.939225e-01
   2.446710e+04    +9.937260e-01
   2.446805e+04    +9.899034e-01
   2.446896e+04    +9.935680e-01
   2.446999e+04    +9.900818e-01
   2.447097e+04    +9.924493e-01
   2.447188e+04    +9.870690e-01
   2.447288e+04    +9.895388e-01
   2.447383e+04    +9.818728e-01
   2.447481e+04    +9.886421e-01
   2.447579e+04    +9.844247e-01
   2.447672e+04    +9.894929e-01
   2.447778e+04    +9.866864e-01
   2.447872e+04    +9.879345e-01
   2.447972e+04    +9.829194e-01
   2.448068e+04    +9.880731e-01
   2.448163e+04    +9.862524e-01
   2.448264e+04    +9.922706e-01
   2.448357e+04    +9.862148e-01
   2.448463e+04    +9.914736e-01
   2.448557e+04    +9.991765e-01
   2.448656e+04    +9.982035e-01
   2.448752e+04    +9.999742e-01
   2.448854e+04    +1.002471e+00
   2.448951e+04    +1.002262e+00
   2.449048e+04    +1.001495e+00
   2.449147e+04    +1.009544e+00
   2.449240e+04    +1.013385e+00
   2.449344e+04    +1.012443e+00
   2.449444e+04    +1.014728e+00
   2.449534e+04    +1.017814e+00
   2.449633e+04    +1.020891e+00
   2.449726e+04    +1.021803e+00
   2.449824e+04    +1.020310e+00
   2.449927e+04    +1.021241e+00
   2.450019e+04    +1.020107e+00
   2.450118e+04    +1.023634e+00
   2.450213e+04    +1.017582e+00
   2.450314e+04    +1.020532e+00
   2.450412e+04    +1.018431e+00
   2.450502e+04    +1.023421e+00
   2.450608e+04    +1.020719e+00
   2.450701e+04    +1.022486e+00
   2.450799e+04    +1.018702e+00
   2.450901e+04    +1.021308e+00
   2.450997e+04    +1.020432e+00
   2.451090e+04    +1.023065e+00
   2.451184e+04    +1.022806e+00
   2.451284e+04    +1.024282e+00
   2.451382e+04    +1.018426e+00
   2.451475e+04    +1.021671e+00
   2.451574e+04    +1.021453e+00
   2.451670e+04    +1.021291e+00
   2.451769e+04    +1.016414e+00
   2.451869e+04    +1.018247e+00
   2.451964e+04    +1.026226e+00
   2.452062e+04    +1.023245e+00
   2.452156e+04    +1.020809e+00
   2.452253e+04    +1.017162e+00
   2.452354e+04    +1.023691e+00
   2.452453e+04    +1.017771e+00
   2.452545e+04    +1.019546e+00
   2.452649e+04    +1.015249e+00
   2.452745e+04    +1.016455e+00
   2.452848e+04    +1.019575e+00
   2.452944e+04    +1.015504e+00
   2.453041e+04    +1.015796e+00
   2.453134e+04    +1.016035e+00
   2.453240e+04    +1.018604e+00
   2.453330e+04    +1.018655e+00
   2.453435e+04    +1.012891e+00
   2.453531e+04    +1.015788e+00
   2.453629e+04    +1.011324e+00
   2.453728e+04    +1.010411e+00
   2.453827e+04    +1.008939e+00
   2.453919e+04    +1.016221e+00
   2.454023e+04    +1.011981e+00
   2.454123e+04    +1.015972e+00
   2.454218e+04    +1.013716e+00
   2.454316e+04    +1.015346e+00
   2.454416e+04    +1.015130e+00
   2.454510e+04    +1.014047e+00
   2.454607e+04    +1.011832e+00
   2.454708e+04    +1.013688e+00
   2.454804e+04    +1.013487e+00
   2.454902e+04    +1.014883e+00
   2.454996e+04    +1.016787e+00
   2.455094e+04    +1.017069e+00
   2.455191e+04    +1.011610e+00
   2.455292e+04    +1.009346e+00
   2.455386e+04    +1.014281e+00
   2.455492e+04    +1.012147e+00
   2.455590e+04    +1.016400e+00
   2.455691e+04    +1.013364e+00
   2.455786e+04    +1.011292e+00
   2.455885e+04    +1.011277e+00
   2.455978e+04    +1.012572e+00
   2.456080e+04    +1.008948e+00
   2.456174e+04    +1.004649e+00
   2.456281e+04    +1.007116e+00
   2.456377e+04    +1.001206e+00
   2.456469e+04    +1.001530e+00
   2.456573e+04    +9.974637e-01
   2.456666e+04    +9.982740e-01
   2.456769e+04    +9.933144e-01
   2.456870e+04    +9.977209e-01
   2.456965e+04    +9.988301e-01
   2.457065e+04    +9.946439e-01
   2.457147e+04    +9.895677e-01
   2.457261e+04    +9.901902e-01
   2.457346e+04    +9.827095e-01
   2.457443e+04    +9.855006e-01
   2.457541e+04    +9.829637e-01
   2.457641e+04    +9.835335e-01
   2.457747e+04    +9.806472e-01
   2.457841e+04    +9.826754e-01
   2.457941e+04    +9.862103e-01
   2.458034e+04    +9.809139e-01
   2.458138e+04    +9.807268e-01
   2.458224e+04    +9.799633e-01
   2.458325e+04    +9.766708e-01
   2.458420e+04    +9.797648e-01
   2.458521e+04    +9.780322e-01
   2.458616e+04    +9.862443e-01
   2.458716e+04    +9.822897e-01
   2.458816e+04    +9.854806e-01
   2.458910e+04    +9.888600e-01
   2.459008e+04    +9.863734e-01
   2.459103e+04    +9.894820e-01
   2.459207e+04    +9.911589e-01
   2.459306e+04    +9.867303e-01
   2.459405e+04    +9.873323e-01
   2.459503e+04    +9.962743e-01
   2.459601e+04    +9.937604e-01
   2.459697e+04    +9.914906e-01
   2.459798e+04    +9.982392e-01
   2.459892e+04    +9.962956e-01
   2.459990e+04    +1.000447e+00
   2.460089e+04    +1.005385e+00
   2.460191e+04    +1.007708e+00
   2.460292e+04    +1.008179e+00
   2.460386e+04    +1.010786e+00
   2.460477e+04    +1.009546e+00
   2.460577e+04    +1.012511e+00
   2.460670e+04    +1.011686e+00
   2.460769e+04    +1.012325e+00
   2.460870e+04    +1.013104e+00
   2.460974e+04    +1.019392e+00
   2.461058e+04    +1.012224e+00
   2.461158e+04    +1.011953e+00
   2.461256e+04    +1.014171e+00
   2.461356e+04    +1.014648e+00
   2.461457e+04    +1.013335e+00
   2.461554e+04    +1.013742e+00
   2.461646e+04    +1.008782e+00
   2.461744e+04    +1.020308e+00
   2.461845e+04    +1.017075e+00
   2.461943e+04    +1.011170e+00
   2.462041e+04    +1.013619e+00
   2.462144e+04    +1.015719e+00
   2.462231e+04    +1.014037e+00
   2.462333e+04    +1.011297e+00
   2.462431e+04    +1.008966e+00
   2.462533e+04    +1.006292e+00
   2.462629e+04    +1.009428e+00
   2.462728e+04    +1.004686e+00
   2.462823e+04    +1.004773e+00
   2.462925e+04    +1.006192e+00
   2.463020e+04    +1.005279e+00
   2.463123e+04    +1.004034e+00
   2.463208e+04    +1.001493e+00
   2.463306e+04    +1.005167e+00
   2.463409e+04    +9.997884e-01
   2.463507e+04    +9.953854e-01
   2.463602e+04    +9.992538e-01
   2.463698e+04    +1.002321e+00
   2.463794e+04    +9.965631e-01
   2.463894e+04    +9.954872e-01
   2.463993e+04    +9.945486e-01
   2.464089e+04    +9.976033e-01
   2.464187e+04    +1.000027e+00
   2.464282e+04    +1.000430e+00
   2.464378e+04    +9.944059e-01
   2.464476e+04    +9.936742e-01
   2.464577e+04    +9.992339e-01
   2.464671e+04    +9.913747e-01
   2.464761e+04    +9.857828e-01
   2.464862e+04    +9.949318e-01
   2.464963e+04    +9.930903e-01
   2.465053e+04    +9.910614e-01
   2.465160e+04    +9.899160e-01
   2.465257e+04    +9.952825e-01
   2.465350e+04    +9.895527e-01
   2.465443e+04    +9.916864e-01
   2.465552e+04    +9.924121e-01
   2.465645e+04    +9.933426e-01
   2.465744e+04    +9.953314e-01
   2.465841e+04    +9.898851e-01
   2.465942e+04    +9.917884e-01
   2.466044e+04    +9.970015e-01
   2.466143e+04    +9.915330e-01
   2.466233e+04    +9.939271e-01
   2.466338e+04    +9.892708e-01
   2.466431e+04    +9.963617e-01
   2.466525e+04    +9.911441e-01
   2.466624e+04    +9.895458e-01
   2.466727e+04    +9.960631e-01
   2.466824e+04    +9.973932e-01
   2.466922e+04    +1.000389e+00
   2.467017e+04    +9.987837e-01
   2.467112e+04    +9.960469e-01
   2.467209e+04    +9.923023e-01
   2.467303e+04    +9.949483e-01
   2.467403e+04    +9.950089e-01
   2.467497e+04    +9.952072e-01
   2.467596e+04    +9.971348e-01
   2.467690e+04    +9.996819e-01
   2.467787e+04    +1.001423e+00
   2.467885e+04    +1.002279e+00
   2.467977e+04    +9.997320e-01
   2.468081e+04    +9.985897e-01
   2.468177e+04    +1.000921e+00
   2.468271e+04    +9.942461e-01
   2.468369e+04    +9.980821e-01
   2.468465e+04    +9.997682e-01
   2.468569e+04    +9.982583e-01
   2.468655e+04    +9.968620e-01
   2.468752e+04    +1.000526e+00
   2.468859e+04    +1.000239e+00
   2.468957e+04    +9.987007e-01
   2.469056e+04    +9.990410e-01
   2.469154e+04    +9.942454e-01
   2.469249e+04    +9.964050e-01
   2.469349e+04    +9.971106e-01
   2.469450e+04    +1.001864e+00
   2.469540e+04    +9.977358e-01
   2.469635e+04    +9.958687e-01
   2.469737e+04    +1.001683e+00
   2.469831e+04    +9.919166e-01
   2.469930e+04    +9.921242e-01
   2.470026e+04    +9.970770e-01
   2.470125e+04    +9.946719e-01
   2.470217e+04    +9.954999e-01
   2.470312e+04    +9.929971e-01
   2.470408e+04    +9.993503e-01
   2.470510e+04    +9.924069e-01
   2.470607e+04    +9.865269e-01
   2.470701e+04    +9.932248e-01
   2.470799e+04    +9.882822e-01
   2.470894e+04    +9.904899e-01
   2.470990e+04    +9.942353e-01
   2.471087e+04    +9.892591e-01
   2.471184e+04    +9.852650e-01
   2.471279e+04    +9.916798e-01
   2.471379e+04    +9.895654e-01
   2.471478e+04    +9.902509e-01
   2.471572e+04    +9.885810e-01
   2.471668e+04    +9.857315e-01
   2.471767e+04    +9.843083e-01
   2.471865e+04    +9.880920e-01
   2.471957e+04    +9.879114e-01
   2.472060e+04    +9.896957e-01
   2.472152e+04    +9.916762e-01
   2.472250e+04    +9.909807e-01
   2.472343e+04    +9.878090e-01
   2.472442e+04    +9.857646e-01
   2.472544e+04    +9.905037e-01
   2.472646e+04    +9.820594e-01
   2.472737e+04    +9.860707e-01
   2.472839e+04    +9.933334e-01
   2.472935e+04    +9.879441e-01
   2.473037e+04    +9.892308e-01
   2.473133e+04    +9.866540e-01
   2.473232e+04    +9.890941e-01
   2.473326e+04    +9.871515e-01
   2.473423e+04    +9.852707e-01
   2.473514e+04    +9.885795e-01
   2.473615e+04    +9.888158e-01
   2.473714e+04    +9.909064e-01
   2.473810e+04    +9.845973e-01
   2.473905e+04    +9.926496e-01
   2.474004e+04    +9.929924e-01
   2.474105e+04    +9.951050e-01
   2.474202e+04    +9.916860e-01
   2.474298e+04    +9.888389e-01
   2.474393e+04    +9.930525e-01
   2.474491e+04    +9.992548e-01
   2.474593e+04    +9.909437e-01
   2.474691e+04    +9.968521e-01
   2.474790e+04    +9.979928e-01
   2.474888e+04    +9.937694e-01
   2.474986e+04    +1.000444e+00
   2.475085e+04    +9.952111e-01
   2.475184e+04    +9.968410e-01
   2.475283e+04    +9.980144e-01
   2.475383e+04    +1.004749e+00
   2.475473e+04    +1.001188e+00
   2.475576e+04    +9.959942e-01
   2.475674e+04    +9.981007e-01
   2.475771e+04    +1.001035e+00
   2.475875e+04    +9.981601e-01
   2.475978e+04    +9.961104e-01
   2.476070e+04    +9.996696e-01
   2.476172e+04    +9.997504e-01
   2.476272e+04    +1.007175e+00
   2.476364e+04    +9.997092e-01
   2.476458e+04    +1.008182e+00
   2.476560e+04    +9.985322e-01
   2.476663e+04    +1.002597e+00
   2.476757e+04    +1.005466e+00
   2.476856e+04    +1.002018e+00
   2.476952e+04    +9.990818e-01
   2.477057e+04    +1.001544e+00
   2.477150e+04    +1.003525e+00
   2.477251e+04    +9.966418e-01
   2.477348e+04    +1.005598e+00
   2.477448e+04    +1.004789e+00
   2.477547e+04    +1.002880e+00
   2.477640e+04    +9.995312e-01
   2.477750e+04    +1.001438e+00
   2.477837e+04    +1.000366e+00
   2.477932e+04    +9.973116e-01
   2.478037e+04    +9.984332e-01
   2.478138e+04    +1.001507e+00
   2.478233e+04    +9.969538e-01
   2.478329e+04    +1.001704e+00
   2.478426e+04    +1.002035e+00
   2.478531e+04    +1.002504e+00
   2.478624e+04    +1.003428e+00
   2.478720e+04    +9.969044e-01
   2.478823e+04    +9.984772e-01
   2.478915e+04    +1.000292e+00
   2.479014e+04    +9.970572e-01
   2.479119e+04    +9.960089e-01
   2.479220e+04    +9.977947e-01
   2.479317e+04    +9.991870e-01
   2.479423e+04    +9.999903e-01
   2.479526e+04    +9.985097e-01
   2.479626e+04    +9.975707e-01
   2.479724e+04    +9.953958e-01
   2.479825e+04    +9.976277e-01
   2.479926e+04    +9.942694e-01
   2.480022e+04    +9.987988e-01
   2.480126e+04    +9.936857e-01
   2.480215e+04    +9.967534e-01
   2.480314e+04    +9.976650e-01
   2.480416e+04    +9.964145e-01
   2.480516e+04    +9.949675e-01
   2.480620e+04    +9.953411e-01
   2.480720e+04    +9.885442e-01
   2.480816e+04    +1.000690e+00
   2.480915e+04    +9.921910e-01
   2.481015e+04    +9.913377e-01
   2.481117e+04    +9.930829e-01
   2.481214e+04    +9.916192e-01
   2.481313e+04    +9.946858e-01
   2.481409e+04    +9.955256e-01
   2.481516e+04    +9.904927e-01
   2.481620e+04    +9.950181e-01
   2.481715e+04    +9.945655e-01
   2.481813e+04    +9.947444e-01
   2.481916e+04    +9.915876e-01
   2.482014e+04    +9.911964e-01
   2.482114e+04    +9.967090e-01
   2.482217e+04    +9.999684e-01
   2.482313e+04    +9.902569e-01
   2.482416e+04    +9.938162e-01
   2.482516e+04    +1.000472e+00
   2.482625e+04    +9.983177e-01
   2.482719e+04    +9.941070e-01
   2.482824e+04    +9.943127e-01
   2.482925e+04    +9.940775e-01
   2.483027e+04    +9.938172e-01
   2.483130e+04    +9.919168e-01
   2.483226e+04    +9.933918e-01
   2.483318e+04    +9.913069e-01
   2.483426e+04    +9.942637e-01
   2.483527e+04    +9.940175e-01
   2.483629e+04    +9.970463e-01
   2.483728e+04    +9.921756e-01
   2.483827e+04    +9.923295e-01
   2.483933e+04    +9.935056e-01
   2.484023e+04    +9.906514e-01
   2.484131e+04    +9.971592e-01
   2.484232e+04    +9.893960e-01
   2.484330e+04    +9.973416e-01
   2.484440e+04    +9.961854e-01
   2.484537e+04    +9.965411e-01
   2.484638e+04    +9.935402e-01
   2.484740e+04    +9.947199e-01
   2.484839e+04    +9.948374e-01
   2.484937e+04    +9.974568e-01
   2.485037e+04    +9.953490e-01
   2.485135e+04    +9.933243e-01
   2.485235e+04    +9.944664e-01
   2.485337e+04    +9.960780e-01
   2.485437e+04    +9.986485e-01
   2.485535e+04    +9.911821e-01
   2.485638e+04    +9.996366e-01
   2.485731e+04    +9.904900e-01
   2.485839e+04    +9.995021e-01
   2.485938e+04    +9.937240e-01
   2.486046e+04    +9.938813e-01
   2.486142e+04    +9.926525e-01
   2.486248e+04    +9.962662e-01
   2.486345e+04    +9.932610e-01
   2.486451e+04    +9.984454e-01
   2.486551e+04    +1.001734e+00
   2.486651e+04    +9.976061e-01
   2.486753e+04    +9.982939e-01
   2.486852e+04    +1.000720e+00
   2.486957e+04    +1.003871e+00
   2.487057e+04    +9.954691e-01
   2.487160e+04    +9.934003e-01
   2.487267e+04    +9.944427e-01
   2.487370e+04    +1.000518e+00
   2.487471e+04    +9.973344e-01
   2.487568e+04    +9.953614e-01
   2.487669e+04    +1.001310e+00
   2.487766e+04    +9.978047e-01
   2.487874e+04    +1.000013e+00
   2.487971e+04    +9.994851e-01
   2.488078e+04    +1.001292e+00
   2.488175e+04    +9.988324e-01
   2.488271e+04    +1.003505e+00
   2.488377e+04    +9.952040e-01
   2.488472e+04    +9.993152e-01
   2.488576e+04    +9.981423e-01
   2.488675e+04    +9.991328e-01
   2.488781e+04    +9.982521e-01
   2.488875e+04    +1.000888e+00
   2.488978e+04    +1.000839e+00
   2.489076e+04    +9.975847e-01
   2.489175e+04    +1.001565e+00
   2.489278e+04    +9.945027e-01
   2.489381e+04    +9.912662e-01
   2.489483e+04    +9.975807e-01
   2.489589e+04    +9.963210e-01
   2.489687e+04    +9.936649e-01
   2.489791e+04    +9.941334e-01
   2.489893e+04    +1.000093e+00
   2.490003e+04    +9.973854e-01
   2.490099e+04    +1.002329e+00
   2.490205e+04    +9.974189e-01
   2.490306e+04    +1.001030e+00
   2.490407e+04    +9.984609e-01
   2.490507e+04    +9.976119e-01
   2.490616e+04    +9.966145e-01
   2.490712e+04    +9.984610e-01
   2.490817e+04    +9.973855e-01
   2.490921e+04    +9.980244e-01
   2.491018e+04    +9.943853e-01
   2.491124e+04    +9.992804e-01
   2.491227e+04    +9.951323e-01
   2.491327e+04    +9.942911e-01
   2.491429e+04    +1.002381e+00
   2.491532e+04    +9.986138e-01
   2.491634e+04    +9.981245e-01
   2.491733e+04    +9.925117e-01
   2.491834e+04    +1.002198e+00
   2.491939e+04    +9.969038e-01
   2.492037e+04    +9.964607e-01
   2.492142e+04    +9.989871e-01
   2.492249e+04    +9.953445e-01
   2.492340e+04    +9.993305e-01
   2.492447e+04    +1.000537e+00
   2.492546e+04    +9.987638e-01
   2.492649e+04    +1.002053e+00
   2.492757e+04    +1.000259e+00
   2.492856e+04    +9.969721e-01
   2.492954e+04    +9.971371e-01
   2.493067e+04    +9.981533e-01
   2.493161e+04    +1.000165e+00
   2.493267e+04    +1.001588e+00
   2.493370e+04    +1.000028e+00
   2.493478e+04    +9.973590e-01
   2.493582e+04    +9.962186e-01
   2.493680e+04    +1.000109e+00
   2.493784e+04    +9.984503e-01
   2.493887e+04    +1.002716e+00
   2.493985e+04    +9.999429e-01
   2.494089e+04    +1.003608e+00
   2.494187e+04    +1.000736e+00
   2.494297e+04    +9.988074e-01
   2.494404e+04    +1.001519e+00
   2.494498e+04    +9.970947e-01
   2.494597e+04    +1.001702e+00
   2.494704e+04    +1.001960e+00
   2.494809e+04    +9.976219e-01
   2.494911e+04    +1.001078e+00
   2.495010e+04    +9.994584e-01
   2.495111e+04    +9.996575e-01
   2.495213e+04    +1.003221e+00
   2.495309e+04    +9.969207e-01
   2.495415e+04    +9.988496e-01
   2.495514e+04    +1.000423e+00
   2.495611e+04    +9.986075e-01
   2.495715e+04    +1.000246e+00
   2.495821e+04    +9.981272e-01
   2.495919e+04    +1.000130e+00
   2.496021e+04    +1.005092e+00
   2.496126e+04    +1.001985e+00
   2.496227e+04    +1.003179e+00
   2.496336e+04    +1.002308e+00
   2.496436e+04    +1.001820e+00
   2.496537e+04    +9.961262e-01
   2.496637e+04    +9.998388e-01
   2.496745e+04    +9.975293e-01
   2.496852e+04    +1.005167e+00
   2.496950e+04    +9.976315e-01
   2.497054e+04    +9.947323e-01
   2.497156e+04    +9.930174e-01
   2.497261e+04    +9.990090e-01
   2.497362e+04    +1.000593e+00
   2.497463e+04    +9.976255e-01
   2.497564e+04    +1.010270e+00
   2.497661e+04    +1.000544e+00
   2.497770e+04    +1.007639e+00
   2.497872e+04    +9.936628e-01
   2.497970e+04    +1.001146e+00
   2.498076e+04    +1.002639e+00
   2.498174e+04    +9.969620e-01
   2.498276e+04    +9.960628e-01
   2.498374e+04    +1.000999e+00
   2.498475e+04    +1.001570e+00
   2.498585e+04    +1.004411e+00
   2.498681e+04    +9.981314e-01
   2.498781e+04    +9.981809e-01
   2.498884e+04    +1.003416e+00
   2.498989e+04    +1.000026e+00
   2.499089e+04    +9.972929e-01
   2.499192e+04    +1.004270e+00
   2.499292e+04    +9.979981e-01
   2.499391e+04    +9.993566e-01
   2.499488e+04    +1.004661e+00
   2.499594e+04    +9.945150e-01
   2.499698e+04    +9.973301e-01
   2.499800e+04    +9.963183e-01
   2.499903e+04    +9.978415e-01
   2.500005e+04    +1.000003e+00
   2.500102e+04    +1.003751e+00
   2.500196e+04    +1.006557e+00
   2.500306e+04    +1.001406e+00
   2.500406e+04    +1.000084e+00
   2.500507e+04    +1.002552e+00
   2.500611e+04    +1.000761e+00
   2.500705e+04    +1.006123e+00
   2.500819e+04    +9.988475e-01
   2.500923e+04    +9.999748e-01
   2.501019e+04    +9.987817e-01
   2.501117e+04    +1.001281e+00
   2.501223e+04    +1.003143e+00
   2.501321e+04    +9.970278e-01
   2.501420e+04    +1.001790e+00
   2.501523e+04    +1.002997e+00
   2.501623e+04    +1.000044e+00
   2.501726e+04    +9.992809e-01
   2.501824e+04    +9.990863e-01
   2.501926e+04    +9.983805e-01
   2.502028e+04    +1.005154e+00
   2.502128e+04    +1.001144e+00
   2.502232e+04    +9.982458e-01
   2.502331e+04    +1.005493e+00
   2.502424e+04    +9.978643e-01
   2.502531e+04    +1.001483e+00
   2.502633e+04    +1.001175e+00
   2.502739e+04    +9.968460e-01
   2.502839e+04    +1.000892e+00
   2.502936e+04    +1.001977e+00
   2.503038e+04    +1.000541e+00
   2.503138e+04    +1.003362e+00
   2.503239e+04    +1.003232e+00
   2.503348e+04    +1.002058e+00
   2.503445e+04    +9.992973e-01
   2.503551e+04    +1.002601e+00
   2.503649e+04    +1.004390e+00
   2.503755e+04    +1.001394e+00
   2.503863e+04    +9.968196e-01
   2.503959e+04    +1.002372e+00
   2.504063e+04    +1.002072e+00
   2.504162e+04    +9.954798e-01
   2.504260e+04    +1.003904e+00
   2.504362e+04    +9.980267e-01
   2.504466e+04    +1.001823e+00
   2.504570e+04    +9.957173e-01
   2.504671e+04    +1.003851e+00
   2.504767e+04    +9.966229e-01
   2.504868e+04    +1.000246e+00
   2.504974e+04    +1.006116e+00
   2.505076e+04    +9.998259e-01
   2.505171e+04    +1.000279e+00
   2.505276e+04    +1.000657e+00
   2.505379e+04    +9.976959e-01
   2.505483e+04    +1.000027e+00
   2.505581e+04    +1.002613e+00
   2.505691e+04    +9.980934e-01
   2.505793e+04    +1.005223e+00
   2.505891e+04    +9.985511e-01
   2.505997e+04    +1.002180e+00
   2.506098e+04    +1.008672e+00
   2.506202e+04    +1.000063e+00
   2.506305e+04    +1.004013e+00
   2.506418e+04    +1.001338e+00
   2.506508e+04    +1.004503e+00
   2.506614e+04    +1.001138e+00
   2.506716e+04    +9.961718e-01
   2.506819e+04    +9.980076e-01
   2.506917e+04    +9.971697e-01
   2.507023e+04    +9.912467e-01
   2.507123e+04    +9.995328e-01
   2.507232e+04    +9.993370e-01
   2.507325e+04    +1.004239e+00
   2.507434e+04    +9.995742e-01
   2.507537e+04    +1.001232e+00
   2.507644e+04    +9.996927e-01
   2.507740e+04    +1.000598e+00
   2.507846e+04    +1.003366e+00
   2.507946e+04    +1.003385e+00
   2.508053e+04    +9.989493e-01
   2.508153e+04    +1.007633e+00
   2.508254e+04    +9.969367e-01
   2.508357e+04    +9.980884e-01
   2.508457e+04    +9.935188e-01
   2.508559e+04    +1.001019e+00
   2.508667e+04    +9.999327e-01
   2.508773e+04    +1.003156e+00
   2.508871e+04    +1.006820e+00
   2.508971e+04    +1.004147e+00
   2.509081e+04    +1.000093e+00
   2.509178e+04    +1.004477e+00
   2.509280e+04    +1.006507e+00
   2.509379e+04    +1.005875e+00
   2.509483e+04    +1.002693e+00
   2.509588e+04    +1.001779e+00
   2.509683e+04    +1.005342e+00
   2.509793e+04    +1.006942e+00
   2.509900e+04    +9.999404e-01
   2.510001e+04    +1.000627e+00
   2.510102e+04    +1.004709e+00
   2.510206e+04    +1.006350e+00
   2.510303e+04    +1.003873e+00
   2.510414e+04    +1.008723e+00
   2.510510e+04    +1.000842e+00
   2.510611e+04    +1.001825e+00
   2.510719e+04    +1.004694e+00
   2.510829e+04    +1.004508e+00
   2.510929e+04    +1.006929e+00
   2.511032e+04    +1.005205e+00
   2.511136e+04    +1.005277e+00
   2.511236e+04    +9.994712e-01
   2.511343e+04    +1.005112e+00
   2.511442e+04    +9.993098e-01
   2.511551e+04    +1.003959e+00
   2.511646e+04    +1.001015e+00
   2.511750e+04    +1.005230e+00
   2.511858e+04    +1.003198e+00
   2.511962e+04    +1.005145e+00
   2.512057e+04    +1.000644e+00
   2.512165e+04    +1.002423e+00
   2.512270e+04    +1.004371e+00
   2.512373e+04    +1.001213e+00
   2.512470e+04    +1.003843e+00
   2.512581e+04    +1.001695e+00
   2.512681e+04    +1.005797e+00
   2.512779e+04    +1.000359e+00
   2.512884e+04    +1.005487e+00
   2.512982e+04    +1.007580e+00
   2.513088e+04    +1.004551e+00
   2.513185e+04    +1.011222e+00
   2.513286e+04    +1.002623e+00
   2.513391e+04    +1.002173e+00
   2.513493e+04    +1.004333e+00
   2.513595e+04    +1.004511e+00
   2.513698e+04    +9.998225e-01
   2.513805e+04    +9.985452e-01
   2.513906e+04    +1.004694e+00
   2.514008e+04    +1.004429e+00
   2.514114e+04    +9.994618e-01
   2.514216e+04    +1.006919e+00
   2.514318e+04    +1.003947e+00
   2.514421e+04    +9.998278e-01
   2.514531e+04    +9.998219e-01
   2.514639e+04    +1.002343e+00
   2.514741e+04    +9.985280e-01
   2.514845e+04    +1.002979e+00
   2.514950e+04    +1.000809e+00
   2.515053e+04    +9.990615e-01
   2.515159e+04    +1.001802e+00
   2.515263e+04    +1.000769e+00
   2.515370e+04    +1.006357e+00
   2.515468e+04    +1.000582e+00
   2.515570e+04    +9.986960e-01
   2.515675e+04    +9.996990e-01
   2.515782e+04    +9.990223e-01
   2.515885e+04    +1.002136e+00
   2.515990e+04    +1.002155e+00
   2.516087e+04    +1.001120e+00
   2.516198e+04    +9.994742e-01
   2.516302e+04    +1.001521e+00
   2.516403e+04    +9.959349e-01
   2.516505e+04    +9.949229e-01
   2.516604e+04    +9.993940e-01
   2.516710e+04    +9.978300e-01
   2.516808e+04    +1.009355e+00
   2.516926e+04    +1.001409e+00
   2.517029e+04    +9.994243e-01
   2.517129e+04    +9.987314e-01
   2.517235e+04    +1.003050e+00
   2.517343e+04    +1.002381e+00
   2.517445e+04    +1.007243e+00
   2.517547e+04    +9.989340e-01
   2.517650e+04    +1.000014e+00
   2.517754e+04    +9.919960e-01
   2.517858e+04    +1.003534e+00
   2.517963e+04    +1.005241e+00
   2.518066e+04    +1.000273e+00
   2.518172e+04    +1.003285e+00
   2.518274e+04    +1.005268e+00
   2.518385e+04    +1.003889e+00
   2.518490e+04    +1.004977e+00
   2.518588e+04    +9.994191e-01
   2.518689e+04    +1.003325e+00
   2.518793e+04    +1.005017e+00
   2.518899e+04    +1.000531e+00
   2.518999e+04    +9.964657e-01
   2.519104e+04    +1.002180e+00
   2.519206e+04    +1.005987e+00
   2.519309e+04    +1.001766e+00
   2.519417e+04    +1.005238e+00
   2.519513e+04    +1.004243e+00
   2.519617e+04    +1.000172e+00
   2.519720e+04    +1.002866e+00
   2.519830e+04    +9.947695e-01
   2.519931e+04    +9.955915e-01
   2.520041e+04    +1.005470e+00
   2.520143e+04    +1.003336e+00
   2.520242e+04    +1.003462e+00
   2.520341e+04    +1.001824e+00
   2.520444e+04    +1.004457e+00
   2.520554e+04    +1.002149e+00
   2.520658e+04    +9.971777e-01
   2.520761e+04    +9.975759e-01
   2.520868e+04    +1.003389e+00
   2.520968e+04    +9.939115e-01
   2.521069e+04    +9.987233e-01
   2.521183e+04    +1.006578e+00
   2.521282e+04    +1.003414e+00
   2.521390e+04    +1.006082e+00
   2.521495e+04    +1.003607e+00
   2.521592e+04    +1.001476e+00
   2.521699e+04    +1.003224e+00
   2.521813e+04    +1.002037e+00
   2.521911e+04    +9.997849e-01
   2.522016e+04    +1.006432e+00
   2.522116e+04    +1.005431e+00
   2.522225e+04    +1.003855e+00
   2.522328e+04    +1.008045e+00
   2.522434e+04    +1.003253e+00
   2.522534e+04    +1.011428e+00
   2.522633e+04    +1.004170e+00
   2.522747e+04    +1.002094e+00
   2.522843e+04    +1.003930e+00
   2.522946e+04    +1.005548e+00
   2.523055e+04    +1.005457e+00
   2.523156e+04    +9.994761e-01
   2.523257e+04    +1.001376e+00
   2.523354e+04    +1.009415e+00
   2.523469e+04    +1.003114e+00
   2.523565e+04    +1.001967e+00
   2.523673e+04    +1.001569e+00
   2.523774e+04    +1.005862e+00
   2.523874e+04    +1.000805e+00
   2.523984e+04    +1.010402e+00
   2.524082e+04    +1.006821e+00
   2.524187e+04    +1.004502e+00
   2.524290e+04    +1.003893e+00
   2.524392e+04    +1.003057e+00
   2.524500e+04    +1.002782e+00
   2.524596e+04    +9.964303e-01
   2.524705e+04    +1.000657e+00
   2.524812e+04    +1.006332e+00
   2.524916e+04    +1.007584e+00
   2.525019e+04    +1.009397e+00
   2.525124e+04    +1.005769e+00
   2.525233e+04    +1.010627e+00
   2.525334e+04    +1.006893e+00
   2.525437e+04    +1.004138e+00
   2.525544e+04    +1.005927e+00
   2.525643e+04    +9.967419e-01
   2.525743e+04    +1.005825e+00
   2.525849e+04    +1.000963e+00
   2.525953e+04    +1.004403e+00
   2.526057e+04    +1.000487e+00
   2.526157e+04    +9.963904e-01
   2.526257e+04    +1.001000e+00
   2.526365e+04    +1.000236e+00
   2.526470e+04    +1.001030e+00
   2.526563e+04    +1.000848e+00
   2.526670e+04    +1.000374e+00
   2.526770e+04    +9.997465e-01
   2.526877e+04    +1.001630e+00
   2.526970e+04    +1.006831e+00
   2.527081e+04    +1.004762e+00
   2.527179e+04    +1.003975e+00
   2.527282e+04    +9.982607e-01
   2.527385e+04    +1.001921e+00
   2.527491e+04    +9.985157e-01
   2.527595e+04    +1.001621e+00
   2.527691e+04    +9.989605e-01
   2.527793e+04    +1.006420e+00
   2.527896e+04    +1.003963e+00
   2.528001e+04    +1.007187e+00
   2.528096e+04    +1.002935e+00
   2.528198e+04    +1.010210e+00
   2.528300e+04    +9.990951e-01
   2.528404e+04    +1.002892e+00
   2.528510e+04    +9.999398e-01
   2.528608e+04    +9.994812e-01
   2.528711e+04    +1.012124e+00
   2.528814e+04    +9.933187e-01
   2.528918e+04    +1.000421e+00
   2.529022e+04    +1.007885e+00
   2.529119e+04    +9.989822e-01
   2.529223e+04    +9.973981e-01
   2.529333e+04    +1.000327e+00
   2.529427e+04    +1.005776e+00
   2.529530e+04    +1.004592e+00
   2.529637e+04    +1.005894e+00
   2.529735e+04    +9.954647e-01
   2.529839e+04    +1.000117e+00
   2.529944e+04    +1.006736e+00
   2.530038e+04    +1.006095e+00
   2.530144e+04    +1.003661e+00
   2.530242e+04    +9.965921e-01
   2.530342e+04    +9.989387e-01
   2.530452e+04    +1.000563e+00
   2.530554e+04    +1.008690e+00
   2.530649e+04    +1.007880e+00
   2.530747e+04    +1.001836e+00
   2.530856e+04    +1.002280e+00
   2.530953e+04    +9.973119e-01
   2.531055e+04    +1.003224e+00
   2.531155e+04    +9.984068e-01
   2.531257e+04    +9.995367e-01
   2.531357e+04    +9.991482e-01
   2.531462e+04    +1.005806e+00
   2.531562e+04    +9.982506e-01
   2.531665e+04    +1.000224e+00
   2.531765e+04    +9.980067e-01
   2.531866e+04    +1.003330e+00
   2.531974e+04    +9.990915e-01
   2.532073e+04    +1.001451e+00
   2.532177e+04    +9.999572e-01
   2.532281e+04    +1.004529e+00
   2.532382e+04    +1.005452e+00
   2.532485e+04    +9.991970e-01
   2.532598e+04    +9.976774e-01
   2.532695e+04    +9.958099e-01
   2.532794e+04    +1.001108e+00
   2.532897e+04    +1.004420e+00
   2.532991e+04    +9.998179e-01
   2.533099e+04    +9.994142e-01
   2.533197e+04    +1.003267e+00
   2.533302e+04    +1.000584e+00
   2.533412e+04    +9.989698e-01
   2.533512e+04    +9.983937e-01
   2.533609e+04    +9.972234e-01
   2.533711e+04    +1.001036e+00
   2.533811e+04    +1.002275e+00
   2.533913e+04    +1.001925e+00
   2.534011e+04    +9.955553e-01
   2.534121e+04    +1.002668e+00
   2.534217e+04    +9.966962e-01
   2.534315e+04    +1.000589e+00
   2.534420e+04    +9.973547e-01
   2.534525e+04    +9.973743e-01
   2.534623e+04    +9.987582e-01
   2.534726e+04    +1.005190e+00
   2.534819e+04    +9.939414e-01
   2.534922e+04    +9.986491e-01
   2.535023e+04    +9.985375e-01
   2.535126e+04    +1.001358e+00
   2.535230e+04    +1.000672e+00
   2.535324e+04    +1.000208e+00
   2.535427e+04    +9.973334e-01
   2.535533e+04    +1.001614e+00
   2.535635e+04    +1.005454e+00
   2.535735e+04    +9.933410e-01
   2.535836e+04    +9.967424e-01
   2.535941e+04    +9.991558e-01
   2.536047e+04    +1.000561e+00
   2.536152e+04    +9.919926e-01
   2.536252e+04    +9.959132e-01
   2.536353e+04    +1.004648e+00
   2.536463e+04    +1.001044e+00
   2.536560e+04    +1.003362e+00
   2.536661e+04    +9.978286e-01
   2.536774e+04    +9.936198e-01
   2.536879e+04    +9.997599e-01
   2.536975e+04    +9.959186e-01
   2.537085e+04    +1.000921e+00
   2.537188e+04    +9.980766e-01
   2.537292e+04    +1.003116e+00
   2.537395e+04    +9.987346e-01
   2.537501e+04    +1.001454e+00
   2.537608e+04    +9.992078e-01
   2.537706e+04    +9.997250e-01
   2.537809e+04    +1.001909e+00
   2.537915e+04    +9.925099e-01
   2.538015e+04    +9.986722e-01
   2.538120e+04    +9.967198e-01
   2.538221e+04    +9.977643e-01
   2.538328e+04    +9.980251e-01
   2.538433e+04    +9.967773e-01
   2.538532e+04    +9.966558e-01
   2.538638e+04    +9.952454e-01
   2.538734e+04    +9.995719e-01
   2.538850e+04    +9.983137e-01
   2.538945e+04    +9.914565e-01
   2.539054e+04    +9.944812e-01
   2.539159e+04    +9.967576e-01
   2.539262e+04    +9.957617e-01
   2.539372e+04    +9.988875e-01
   2.539476e+04    +9.922910e-01
   2.539579e+04    +9.931339e-01
   2.539689e+04    +9.934904e-01
   2.539792e+04    +9.943330e-01
   2.539894e+04    +1.000618e+00
   2.539998e+04    +9.998672e-01
   2.540104e+04    +9.931570e-01
   2.540213e+04    +9.963076e-01
   2.540311e+04    +1.000975e+00
   2.540413e+04    +9.964017e-01
   2.540522e+04    +1.002116e+00
   2.540624e+04    +9.949442e-01
   2.540728e+04    +9.969303e-01
   2.540830e+04    +9.978209e-01
   2.540937e+04    +9.967299e-01
   2.541043e+04    +1.002150e+00
   2.541140e+04    +9.944508e-01
   2.541249e+04    +9.986401e-01
   2.541358e+04    +9.965898e-01
   2.541459e+04    +9.937634e-01
   2.541569e+04    +9.932368e-01
   2.541669e+04    +9.955310e-01
   2.541779e+04    +9.988671e-01
   2.541873e+04    +9.944482e-01
   2.541980e+04    +9.954938e-01
   2.542085e+04    +9.922174e-01
   2.542184e+04    +9.953282e-01
   2.542299e+04    +1.001419e+00
   2.542399e+04    +9.998744e-01
   2.542507e+04    +9.957206e-01
   2.542612e+04    +9.952500e-01
   2.542711e+04    +9.992524e-01
   2.542815e+04    +9.956681e-01
   2.542925e+04    +9.982145e-01
   2.543030e+04    +9.960735e-01
   2.543135e+04    +9.923392e-01
   2.543239e+04    +9.953859e-01
   2.543349e+04    +9.966606e-01
   2.543457e+04    +9.958745e-01
   2.543559e+04    +1.000928e+00
   2.543668e+04    +9.959495e-01
   2.543774e+04    +9.958265e-01
   2.543881e+04    +9.962362e-01
   2.543989e+04    +9.920777e-01
   2.544094e+04    +9.931195e-01
   2.544195e+04    +9.977871e-01
   2.544305e+04    +9.951200e-01
   2.544406e+04    +9.933496e-01
